Tiempo de calculo(s)   Tamaño matriz 
0.033218299999134615     2 
4.690000059781596e-05     3 
3.4699995012488216e-05     5 
3.879999712808058e-05     7 
7.589999586343765e-05     10 
9.169999975711107e-05     12 
0.00010340000153519213     15 
0.00015690000145696104     20 
0.00021179999748710543     30 
0.00040810000064084306     40 
0.0004562999965855852     50 
0.0005931999985477887     70 
0.0008769999985815957     100 
0.001388500000757631     150 
0.001382700000249315     200 
0.00255539999488974     300 
0.00415670000074897     500 
0.009415100001206156     750 
0.009299899997131433     1000 
0.03836340000270866     1800 
0.024395199994614813     2500 
0.029790000000502914     4000 
0.094842400001653     2 
0.00014759999612579122     3 
0.00014240000018617138     5 
0.00015580000035697594     7 
0.00020009999570902437     10 
0.0002533000006224029     12 
0.0002820999943651259     15 
0.0003434999962337315     20 
0.0004824999996344559     30 
0.0012549000020953827     40 
0.0012218999981996603     50 
0.001550200002384372     70 
0.001953699997102376     100 
0.0024374999993597157     150 
0.0032232000012299977     200 
0.005357100002584048     300 
0.01010169999790378     500 
0.012155599994002841     750 
0.009720800000650343     1000 
0.01510730000154581     1800 
0.07976469999994151     2500 
0.03336990000389051     4000 
0.07148120000056224     2 
0.00011029999586753547     3 
9.73999995039776e-05     5 
9.790000331122428e-05     7 
0.00012350000179139897     10 
0.00014369999553309754     12 
0.00016899999900488183     15 
0.00020470000163186342     20 
0.0002722999997786246     30 
0.00033999999868683517     40 
0.00041429999691899866     50 
0.0010325000039301813     70 
0.0012855000022682361     100 
0.003163100001984276     150 
0.002388400003837887     200 
0.0032623000006424263     300 
0.007424699993862305     500 
0.013047400003415532     750 
0.03468789999897126     1000 
0.016797200005385093     1800 
0.09567329999845242     2500 
0.03292379999766126     4000 
0.04788959999859799     2 
0.00011119999544462189     3 
0.0001311999949393794     5 
0.00010520000068936497     7 
0.00011510000331327319     10 
0.0004558000000542961     12 
0.00017069999739760533     15 
0.00019379999866941944     20 
0.0002625999986776151     30 
0.00034330000198679045     40 
0.0007782000029692426     50 
0.001017199996567797     70 
0.0012090000018361025     100 
0.0016197000004467554     150 
0.0019067000030190684     200 
0.00280209999618819     300 
0.009374099994602147     500 
0.012284799995541107     750 
0.018038800000795163     1000 
0.0399120000001858     1800 
0.019749299994145986     2500 
0.03987309999502031     4000 
0.05927900000096997     2 
0.00015020000137155876     3 
0.00014339999324874952     5 
0.0001866000020527281     7 
0.00020510000467766076     10 
0.0003729999953065999     12 
0.00029770000401185825     15 
0.00036299999919719994     20 
0.0004974999974365346     30 
0.0014167999979690649     40 
0.0007862999991630204     50 
0.0010917000035988167     70 
0.001978599997528363     100 
0.0028579999998328276     150 
0.0042061999993165955     200 
0.006142500002169982     300 
0.009603400001651607     500 
0.011882300001161639     750 
0.006294200000411365     1000 
0.012066300005244557     1800 
0.048799600001075305     2500 
0.03567940000357339     4000 
0.09246110000094632     2 
0.00010800000018207356     3 
0.00011080000695073977     5 
0.0001464000015403144     7 
0.0001477999976486899     10 
0.00016529999993508682     12 
0.00023329999385168776     15 
0.00027129999944008887     20 
0.0003254999974160455     30 
0.0004132000030949712     40 
0.0007955000037327409     50 
0.0019842999972752295     70 
0.0016505999956279993     100 
0.0022661999973934144     150 
0.0035672999947564676     200 
0.004687499997089617     300 
0.009094099994399585     500 
0.01947880000079749     750 
0.0195979999989504     1000 
0.009980700000596698     1800 
0.03792090000206372     2500 
0.05396239999390673     4000 
0.03443160000460921     2 
7.2900002123788e-05     3 
6.130000110715628e-05     5 
7.080000068526715e-05     7 
9.080000018002465e-05     10 
0.00010800000018207356     12 
0.00013040000339969993     15 
0.00015629999688826501     20 
0.00022139999782666564     30 
0.00027939999563386664     40 
0.0005622999960905872     50 
0.0006861000001663342     70 
0.000854600002639927     100 
0.0010719999991124496     150 
0.0014116999955149367     200 
0.0022862999976496212     300 
0.0042277000029571354     500 
0.0051921999984188005     750 
0.008457100004306994     1000 
0.058230900001944974     1800 
0.021472499996889383     2500 
0.038821699999971315     4000 
0.042728899999929126     2 
7.999999797903001e-05     3 
4.459999763639644e-05     5 
5.18000015290454e-05     7 
6.199999916134402e-05     10 
8.769999840296805e-05     12 
9.870000212686136e-05     15 
0.00022470000112662092     20 
0.0001540000012028031     30 
0.000378400000045076     40 
0.0003851000001304783     50 
0.0008231000028899871     70 
0.000691100001859013     100 
0.00141789999906905     150 
0.0016102999943541363     200 
0.0027622999987215735     300 
0.005728500000259373     500 
0.011225700000068173     750 
0.016099899999971967     1000 
0.037822199999936856     1800 
0.030837499994959217     2500 
0.05063729999528732     4000 
0.02892040000006091     2 
5.8400000852998346e-05     3 
4.769999941345304e-05     5 
5.480000254465267e-05     7 
6.399999983841553e-05     10 
7.439999899361283e-05     12 
8.380000508623198e-05     15 
9.419999696547166e-05     20 
0.00012340000102994964     30 
0.00015390000044135377     40 
0.0001956999985850416     50 
0.00025350000214530155     70 
0.00045479999971576035     100 
0.0005584000027738512     150 
0.0007557000062661245     200 
0.0011954000001423992     300 
0.0022869000022183172     500 
0.01676410000072792     750 
0.007370500003162306     1000 
0.03408720000152243     1800 
0.02173239999683574     2500 
0.05155430000013439     4000 
0.044502100005047396     2 
4.499999340623617e-05     3 
3.609999839682132e-05     5 
4.0099999750964344e-05     7 
4.859999899053946e-05     10 
6.949999806238338e-05     12 
7.2900002123788e-05     15 
0.00023089999740477651     20 
0.00024230000417446718     30 
0.00026450000586919487     40 
0.0002967999971588142     50 
0.0003595000016503036     70 
0.00047700000141048804     100 
0.0007307000050786883     150 
0.0008849000005284324     200 
0.0014728999958606437     300 
0.002405999999609776     500 
0.005709999997634441     750 
0.00852360000135377     1000 
0.01139359999797307     1800 
0.021728299994720146     2500 
0.14804020000156015     4000 
