Tiempo de calculo(s)   Tamaño matriz 
0.01824079999641981     2 
3.779999678954482e-05     3 
3.6299999919719994e-05     5 
4.11000000895001e-05     7 
7.74000000092201e-05     10 
7.110000296961516e-05     12 
0.00021120000019436702     15 
0.00010830000246642157     20 
0.0003279000011389144     30 
0.00011789999553002417     40 
0.00014099999680183828     50 
0.00029689999792026356     70 
0.00042460000258870423     100 
0.0006945000059204176     150 
0.0016142999957082793     200 
0.0010487000035936944     300 
0.0037061999973957427     500 
0.011254299999563955     750 
0.0066937999945366755     1000 
0.011832999996840954     1800 
0.024397399996814784     2500 
0.10129389999929117     4000 
0.041309000000183005     2 
0.00011109999468317255     3 
8.81000014487654e-05     5 
0.00010250000195810571     7 
0.00016679999680491164     10 
0.0002717000024858862     12 
0.00020570000197039917     15 
0.00024049999774433672     20 
0.00033480000274721533     30 
0.0005993000013404526     40 
0.0005861000026925467     50 
0.0005884999991394579     70 
0.0010437999953865074     100 
0.0012096000064047985     150 
0.005269900000712369     200 
0.008766599996306468     300 
0.010187499996391125     500 
0.03124260000186041     750 
0.03119899999728659     1000 
0.01487240000278689     1800 
0.018442200002027676     2500 
0.043252299998130184     4000 
0.03089670000190381     2 
5.5500000598840415e-05     3 
4.9299997044727206e-05     5 
4.149999585933983e-05     7 
4.550000448944047e-05     10 
6.519999442389235e-05     12 
0.00020649999351007864     15 
8.340000204043463e-05     20 
0.00023330000112764537     30 
0.0002539000051910989     40 
0.00017949999892152846     50 
0.00027270000282442197     70 
0.00034389999927952886     100 
0.0004411999980220571     150 
0.0014521000048262067     200 
0.0009887999985949136     300 
0.0017641000013099983     500 
0.00491110000439221     750 
0.006405500003893394     1000 
0.012597000000823755     1800 
0.020535700001346413     2500 
0.02711760000238428     4000 
0.016633300001558382     2 
3.5200006095692515e-05     3 
3.0300005164463073e-05     5 
3.2300005841534585e-05     7 
0.0001021999996737577     10 
5.96999961999245e-05     12 
5.319999763742089e-05     15 
6.310000026132911e-05     20 
0.00010010000551119447     30 
0.0001064000025507994     40 
0.00011619999713730067     50 
0.0001632999992580153     70 
0.00020850000146310776     100 
0.00032669999927747995     150 
0.0012497999996412545     200 
0.0018253000016557053     300 
0.001426700000592973     500 
0.005180299995117821     750 
0.00478339999972377     1000 
0.011720400005287956     1800 
0.019096299998636823     2500 
0.04769310000119731     4000 
0.0269821999972919     2 
5.0199996621813625e-05     3 
4.0599996282253414e-05     5 
4.70000013592653e-05     7 
5.389999569160864e-05     10 
5.740000051446259e-05     12 
6.359999679261819e-05     15 
7.490000280085951e-05     20 
0.00010390000534243882     30 
0.00013480000052368268     40 
0.0004130000015720725     50 
0.0003512999974191189     70 
0.00027540000155568123     100 
0.0004343999971752055     150 
0.0007218000027933158     200 
0.001080100002582185     300 
0.0018414999940432608     500 
0.00508780000382103     750 
0.0067989999952260405     1000 
0.010856699998839758     1800 
0.07698909999453463     2500 
0.027989400005026255     4000 
0.03306189999420894     2 
5.160000000614673e-05     3 
8.580000576330349e-05     5 
6.849999772384763e-05     7 
7.159999950090423e-05     10 
0.0002479999966453761     12 
0.0002700000040931627     15 
0.00028870000096503645     20 
0.00033039999834727496     30 
0.0003771999981836416     40 
0.0004199999966658652     50 
0.0005038000017520972     70 
0.0008522999996785074     100 
0.0009915000046021305     150 
0.001330699997197371     200 
0.002154100002371706     300 
0.0030104999968898483     500 
0.00783209999644896     750 
0.0056401000038022175     1000 
0.01109540000470588     1800 
0.0179372000056901     2500 
0.03729139999632025     4000 
0.024023600002692547     2 
3.270000161137432e-05     3 
4.3799998820759356e-05     5 
4.4200001866556704e-05     7 
4.400000034365803e-05     10 
5.080000119050965e-05     12 
7.029999687802047e-05     15 
9.040000441018492e-05     20 
9.510000381851569e-05     30 
0.00011649999942164868     40 
0.00024449999909847975     50 
0.00037319999682949856     70 
0.00035709999792743474     100 
0.0005127999975229613     150 
0.0006734999988111667     200 
0.001047999998263549     300 
0.0019952000002376735     500 
0.005473299999721348     750 
0.011515000005601905     1000 
0.011857699995744042     1800 
0.06382280000252649     2500 
0.03601650000200607     4000 
0.02720969999791123     2 
2.890000178012997e-05     3 
3.0099996365606785e-05     5 
3.289999585831538e-05     7 
4.400000034365803e-05     10 
4.569999873638153e-05     12 
5.200000305194408e-05     15 
0.0001286999977310188     20 
0.00019809999503195286     30 
0.00019130000146105886     40 
0.00021399999968707561     50 
0.0003460000007180497     70 
0.0007315999973798171     100 
0.0008149999994202517     150 
0.0011786000031861477     200 
0.002355099997657817     300 
0.004051900003105402     500 
0.009367300001031253     750 
0.005790700000943616     1000 
0.011047600004530977     1800 
0.03420880000339821     2500 
0.05033900000125868     4000 
0.03408309999940684     2 
3.3299998904112726e-05     3 
6.720000237692147e-05     5 
4.510000144364312e-05     7 
4.140000237384811e-05     10 
5.029999738326296e-05     12 
5.7600002037361264e-05     15 
7.18000010238029e-05     20 
8.949999755714089e-05     30 
0.00011129999620607123     40 
0.0001340000017080456     50 
0.00035940000088885427     70 
0.00025159999495372176     100 
0.0004687000036938116     150 
0.0009640999996918254     200 
0.001092300000891555     300 
0.001853999994636979     500 
0.005126600000949111     750 
0.00659540000197012     1000 
0.014383099995029625     1800 
0.09438490000320598     2500 
0.030334600000060163     4000 
0.023543099996459205     2 
2.8800001018680632e-05     3 
3.270000161137432e-05     5 
3.229999856557697e-05     7 
3.819999983534217e-05     10 
4.7599998652003706e-05     12 
5.160000000614673e-05     15 
0.00013240000407677144     20 
7.980000373208895e-05     30 
0.00016789999790489674     40 
0.00011470000026747584     50 
0.00015669999993406236     70 
0.0002564000023994595     100 
0.0003225999971618876     150 
0.0005547000037040561     200 
0.0012559000024339184     300 
0.002079799996863585     500 
0.0042175999988103285     750 
0.0053410999971674755     1000 
0.010858100002224091     1800 
0.02217199999722652     2500 
0.03213539999705972     4000 
