Tiempo de calculo(s)   Tamaño matriz 
0.021483199998328928     2 
4.5599997974932194e-05     3 
3.5599994589574635e-05     5 
4.369999805931002e-05     7 
4.720000288216397e-05     10 
5.4299998737405986e-05     12 
6.25000029685907e-05     15 
7.399999594781548e-05     20 
9.700000373413786e-05     30 
0.00011960000119870529     40 
0.00014929999451851472     50 
0.00020029999723192304     70 
0.00026480000087758526     100 
0.0009789999967324547     150 
0.0006840999994892627     200 
0.0011188000062247738     300 
0.002047300004051067     500 
0.004856499996094499     750 
0.007564500003354624     1000 
0.015946100000292063     1800 
0.022736999999324325     2500 
0.08693469999707304     4000 
0.05317070000455715     2 
0.0001579000017954968     3 
0.00015169999824138358     5 
0.00012879999849246815     7 
0.0001370999962091446     10 
0.00016590000450378284     12 
0.00017179999849759042     15 
0.00020249999943189323     20 
0.000276400001894217     30 
0.00034130000130971894     40 
0.00042079999548150226     50 
0.0005894999994779937     70 
0.0007917000039014965     100 
0.0012552999978652224     150 
0.0017256999999517575     200 
0.0008736999952816404     300 
0.0015299000006052665     500 
0.0033162000036099926     750 
0.009688099999038968     1000 
0.010693500000343192     1800 
0.06427090000215685     2500 
0.035608300000603776     4000 
0.03870509999978822     2 
0.00018249999993713573     3 
0.00011159999849041924     5 
0.0001227999964612536     7 
0.00013860000035492703     10 
0.00015770000027259812     12 
0.00017890000162879005     15 
0.00025800000003073364     20 
0.0002748000042629428     30 
0.00034079999750247225     40 
0.0004169999956502579     50 
0.0005877000003238209     70 
0.0011720999973476864     100 
0.0015818000028957613     150 
0.003821300000709016     200 
0.0034344000014243647     300 
0.006438800002797507     500 
0.01502450000407407     750 
0.016907600002014078     1000 
0.03833239999949001     1800 
0.021720800003095064     2500 
0.054374300001654774     4000 
0.04401510000025155     2 
0.0001157000006060116     3 
0.00011680000170599669     5 
0.00011939999967580661     7 
0.00015999999595806003     10 
0.0001616000008652918     12 
0.00017919999663718045     15 
0.00022619999799644575     20 
0.000280100000964012     30 
0.001235900002939161     40 
0.0008741999990888871     50 
0.0019079999983659945     70 
0.002546000003349036     100 
0.0029953000048408285     150 
0.005465800000820309     200 
0.0033766000051400624     300 
0.005200800005695783     500 
0.019632900002761744     750 
0.006484099998488091     1000 
0.013401199998043012     1800 
0.09765989999868907     2500 
0.04325329999846872     4000 
0.04554110000026412     2 
0.00011309999536024407     3 
0.00010380000458098948     5 
9.88000028883107e-05     7 
0.00012290000449866056     10 
0.00047669999912614003     12 
0.00017040000238921493     15 
0.00020039999799337238     20 
0.0002601000014692545     30 
0.00033319999783998355     40 
0.00043559999903663993     50 
0.0013190999961807393     70 
0.0020025999983772635     100 
0.002641599996422883     150 
0.002992200003063772     200 
0.003216400000383146     300 
0.005575400005909614     500 
0.023412499998812564     750 
0.01548709999769926     1000 
0.026007699998444878     1800 
0.024793900003714953     2500 
0.10182840000197757     4000 
0.0320960000026389     2 
4.6099994506221265e-05     3 
3.460000152699649e-05     5 
4.1399995097890496e-05     7 
4.560000525088981e-05     10 
0.00014150000060908496     12 
0.0004040000058012083     15 
0.00014039999950909987     20 
0.00031179999496089295     30 
0.0002719000040087849     40 
0.0004962000020896085     50 
0.0003732999975909479     70 
0.0004090000002179295     100 
0.0005699999965145253     150 
0.0017829999997047707     200 
0.0016250000044237822     300 
0.002520199996070005     500 
0.004736399998364504     750 
0.0075443999958224595     1000 
0.011762200003431644     1800 
0.022498599995742552     2500 
0.111186699999962     4000 
0.020515900003374554     2 
0.00020640000002458692     3 
0.00018799999816110358     5 
0.0002147999985027127     7 
0.00014060000103199854     10 
0.00015980000171111897     12 
0.0001779000012902543     15 
0.00020670000230893493     20 
0.000298400002066046     30 
0.0004044999950565398     40 
0.00042160000157309696     50 
0.0006821999995736405     70 
0.001101000001654029     100 
0.002418000003672205     150 
0.0021082999955979176     200 
0.0030745000040042214     300 
0.005428199998277705     500 
0.01873390000400832     750 
0.01918959999602521     1000 
0.050032900006044656     1800 
0.021920999999565538     2500 
0.04004949999944074     4000 
0.02655580000282498     2 
4.1300001612398773e-05     3 
2.9300004825927317e-05     5 
3.360000118846074e-05     7 
3.9500002458225936e-05     10 
4.750000516651198e-05     12 
8.510000043315813e-05     15 
7.509999704780057e-05     20 
0.00020280000171624124     30 
0.00011100000119768083     40 
0.00013659999967785552     50 
0.00018689999706111848     70 
0.0002663999985088594     100 
0.00041110000165645033     150 
0.0008973000003607012     200 
0.001011699998343829     300 
0.0019080999991274439     500 
0.004403599996294361     750 
0.00732879999850411     1000 
0.02131579999695532     1800 
0.01427710000280058     2500 
0.09580969999660738     4000 
0.028928100000484847     2 
4.750000516651198e-05     3 
3.300000389572233e-05     5 
3.669999568955973e-05     7 
4.369999805931002e-05     10 
0.0002489000034984201     12 
6.399999983841553e-05     15 
9.549999958835542e-05     20 
0.00010420000035082921     30 
0.0003130999975837767     40 
0.0003349999969941564     50 
0.00038869999843882397     70 
0.00046149999980116263     100 
0.0006381000057444908     150 
0.0008079000035650097     200 
0.0011868000001413748     300 
0.002313799996045418     500 
0.011958299997786526     750 
0.013649799999257084     1000 
0.01507129999663448     1800 
0.018060999995213933     2500 
0.09667869999975665     4000 
0.020125099996221252     2 
4.86999997519888e-05     3 
3.719999949680641e-05     5 
4.149999585933983e-05     7 
4.819999594474211e-05     10 
6.839999696239829e-05     12 
7.470000127796084e-05     15 
0.00014109999756328762     20 
0.00010880000627366826     30 
0.00013019999460084364     40 
0.00028810000367229804     50 
0.00032649999775458127     70 
0.0003934999986086041     100 
0.0005361000003176741     150 
0.000635899996268563     200 
0.0013945999962743372     300 
0.002253099999506958     500 
0.009161199996015057     750 
0.007486999995307997     1000 
0.023542700000689365     1800 
0.019446600002993364     2500 
0.11797220000153175     4000 
