Tiempo de calculo(s)   Tamaño matriz 
0.0617361999975401     2 
0.0001889000050141476     3 
0.0002601000014692545     5 
0.000206899996555876     7 
0.0002865999995265156     10 
0.00043930000538239256     12 
0.0008691000039107166     15 
0.0008946999951149337     20 
0.0005283999998937361     30 
0.0012769999957527034     40 
0.0008175000039045699     50 
0.0016839000018080696     70 
0.0020256999996490777     100 
0.0027828999955090694     150 
0.0046215000038500875     200 
0.008527500001946464     300 
0.01120769999397453     500 
0.029440200007229578     750 
0.028918800002429634     1000 
0.03867789999640081     1800 
0.015488900004129391     2500 
0.028534500001114793     4000 
0.06753930000559194     2 
9.559999307384714e-05     3 
0.0001453000004403293     5 
0.00013409999519353732     7 
0.000149500003317371     10 
0.00015870000061113387     12 
0.00018280000222148374     15 
0.0002314000012120232     20 
0.0002934000003733672     30 
0.0003572000059648417     40 
0.00044809999963035807     50 
0.0005793999953311868     70 
0.0007598000011057593     100 
0.0012372999990475364     150 
0.004266399999323767     200 
0.0055893999960972     300 
0.008952399999543559     500 
0.018661500005691778     750 
0.023695399999269284     1000 
0.0433816000004299     1800 
0.047275799995986745     2500 
0.03603010000369977     4000 
0.05605150000337744     2 
0.00010409999958937988     3 
0.0001030000057653524     5 
0.00024149999808287248     7 
0.00016369999502785504     10 
0.00017189999925903976     12 
0.00019629999587778002     15 
0.00023659999715164304     20 
0.00028560000646393746     30 
0.00034050000249408185     40 
0.0004386000000522472     50 
0.0005901999975321814     70 
0.0007733999955235049     100 
0.001185799999802839     150 
0.004367599998658989     200 
0.003119900000456255     300 
0.005746299997554161     500 
0.012134399999922607     750 
0.033782499995140824     1000 
0.057978800003184006     1800 
0.09983160000410862     2500 
0.026344899997639004     4000 
0.03268730000127107     2 
4.0099999750964344e-05     3 
2.600000152597204e-05     5 
3.410000499570742e-05     7 
4.049999552080408e-05     10 
5.6400000175926834e-05     12 
0.00017630000365898013     15 
7.719999848632142e-05     20 
0.00020430000586202368     30 
0.00022090000129537657     40 
0.00012719999358523637     50 
0.0003471999953035265     70 
0.00033039999834727496     100 
0.0004445000013220124     150 
0.001473600001190789     200 
0.001098299995646812     300 
0.0021274000027915463     500 
0.004362400002719369     750 
0.010597400003462099     1000 
0.011628400003246497     1800 
0.0849644999980228     2500 
0.024419499997748062     4000 
0.025340399995911866     2 
3.100000321865082e-05     3 
3.3299998904112726e-05     5 
3.640000068116933e-05     7 
4.269999772077426e-05     10 
4.940000508213416e-05     12 
5.5999997130129486e-05     15 
6.759999814676121e-05     20 
9.480000153416768e-05     30 
0.0002128000051015988     40 
0.00013330000365385786     50 
0.0001829999964684248     70 
0.00026000000070780516     100 
0.00040950000402517617     150 
0.0007254999945871532     200 
0.0012091000025975518     300 
0.001955100000486709     500 
0.004746600003272761     750 
0.005482500004291069     1000 
0.010661699998308904     1800 
0.0336410000018077     2500 
0.11910209999768995     4000 
0.027582700000493787     2 
3.460000152699649e-05     3 
3.470000228844583e-05     5 
3.9699996705166996e-05     7 
4.389999958220869e-05     10 
6.469999789260328e-05     12 
7.009999535512179e-05     15 
8.119999984046444e-05     20 
0.00010130000009667128     30 
0.0001216000018757768     40 
0.00029370000265771523     50 
0.0003085999996983446     70 
0.00047569999878760427     100 
0.00047900000208755955     150 
0.000763099997129757     200 
0.0010924000016530044     300 
0.002024099994741846     500 
0.004353199998149648     750 
0.006208400001924019     1000 
0.013131400002748705     1800 
0.027501799995661713     2500 
0.03855759999714792     4000 
0.032322800005204044     2 
7.270000060088933e-05     3 
6.630000279983506e-05     5 
5.1700000767596066e-05     7 
0.00010710000060498714     10 
6.900000153109431e-05     12 
9.110000246437266e-05     15 
8.97999998414889e-05     20 
0.00011100000119768083     30 
0.00013100000069243833     40 
0.00015390000044135377     50 
0.0004821999973501079     70 
0.0006540999966091476     100 
0.0010612000041874126     150 
0.0012949000010848977     200 
0.002494499996828381     300 
0.003990800003521144     500 
0.007138500004657544     750 
0.010285700001986697     1000 
0.009118699999817181     1800 
0.025190599997586105     2500 
0.033941999994567595     4000 
0.04633770000509685     2 
0.00012589999823831022     3 
0.00022360000002663583     5 
0.00013780000153928995     7 
0.0001373999984934926     10 
0.0004617000013240613     12 
0.0005106000025989488     15 
0.0006314999991445802     20 
0.0004327000060584396     30 
0.00046880000445526093     40 
0.0004495999965001829     50 
0.0013732000006712042     70 
0.001363600000331644     100 
0.0014653000034741126     150 
0.004015899998194072     200 
0.008203400000638794     300 
0.009514600002148654     500 
0.02217240000027232     750 
0.020436699996935204     1000 
0.052893100000801496     1800 
0.013538899998820852     2500 
0.02985410000110278     4000 
0.04417439999815542     2 
0.0001131999961216934     3 
9.709999721962959e-05     5 
0.00010620000102790073     7 
0.00014820000069448724     10 
0.00016280000272672623     12 
0.0002373000024817884     15 
0.00040180000360123813     20 
0.00027830000180983916     30 
0.0003388999975868501     40 
0.0004149000014876947     50 
0.0008637999999336898     70 
0.0015210000055958517     100 
0.0016858000017236918     150 
0.002506699995137751     200 
0.004048900002089795     300 
0.005961900002148468     500 
0.011627300002146512     750 
0.02907930000219494     1000 
0.05394220000016503     1800 
0.06842290000349749     2500 
0.028141499999037478     4000 
0.03334570000151871     2 
8.550000347895548e-05     3 
9.14999982342124e-05     5 
0.00010009999823523685     7 
0.00011629999789875001     10 
0.00010540000221226364     12 
0.00017920000391313806     15 
0.0003345000004628673     20 
0.0003001000004587695     30 
0.00047389999963343143     40 
0.0003349999969941564     50 
0.0008753000001888722     70 
0.0009041000012075529     100 
0.0011488000018289313     150 
0.001695899998594541     200 
0.0034476000000722706     300 
0.004146300001593772     500 
0.003883600002154708     750 
0.006907499999215361     1000 
0.05214930000511231     1800 
0.08066320000216365     2500 
0.03224269999918761     4000 
