Tiempo de calculo(s)   Tamaño matriz 
0.017762199997378048     2 
3.51999988197349e-05     3 
5.3499999921768904e-05     5 
4.410000110510737e-05     7 
4.769999941345304e-05     10 
5.270000110613182e-05     12 
5.919999966863543e-05     15 
7.270000060088933e-05     20 
9.90999978967011e-05     30 
0.00014210000517778099     40 
0.0003116000007139519     50 
0.000360099998943042     70 
0.000472399995487649     100 
0.0005773999946541153     150 
0.0007153999977163039     200 
0.0010451999987708405     300 
0.0023759999967296608     500 
0.003950400001485832     750 
0.004147200001170859     1000 
0.00957870000274852     1800 
0.01966520000132732     2500 
0.0831012999988161     4000 
0.020203899999614805     2 
7.130000449251384e-05     3 
9.65999934123829e-05     5 
4.549999721348286e-05     7 
8.960000559454784e-05     10 
0.00013770000077784061     12 
0.00013020000187680125     15 
0.00021120000019436702     20 
0.00020460000087041408     30 
0.00037539999902946874     40 
0.00032579999970039353     50 
0.0006553999992320314     70 
0.0009288000001106411     100 
0.0012742999970214441     150 
0.0010934000019915402     200 
0.0029850999999325722     300 
0.005699800000002142     500 
0.0032360999975935556     750 
0.0043263000043225475     1000 
0.008842299997922964     1800 
0.02061870000034105     2500 
0.023324900001171045     4000 
0.014927099997294135     2 
3.319999814266339e-05     3 
3.579999611247331e-05     5 
7.369999366346747e-05     7 
9.929999941959977e-05     10 
6.630000279983506e-05     12 
6.350000330712646e-05     15 
7.700000423938036e-05     20 
9.980000322684646e-05     30 
0.00013449999823933467     40 
0.00020740000036312267     50 
0.00020559999393299222     70 
0.00027599999884841964     100 
0.0004034000012325123     150 
0.0005502999993041158     200 
0.0008104000007733703     300 
0.0015617999961250462     500 
0.0029816999958711676     750 
0.004337600003054831     1000 
0.01071840000076918     1800 
0.022118599998066202     2500 
0.028673600005276967     4000 
0.014467400003923103     2 
3.089999518124387e-05     3 
3.189999551977962e-05     5 
3.619999915827066e-05     7 
4.579999949783087e-05     10 
4.550000448944047e-05     12 
5.450000026030466e-05     15 
7.12000037310645e-05     20 
9.62999984039925e-05     30 
0.00013279999984661117     40 
0.00015690000145696104     50 
0.00022309999621938914     70 
0.000407300001825206     100 
0.0004241999995429069     150 
0.0005808000059914775     200 
0.0008134000017889775     300 
0.001588199993420858     500 
0.0026493999976082705     750 
0.004129799999645911     1000 
0.012899099994683638     1800 
0.023373500000161584     2500 
0.030043799997656606     4000 
0.01258330000564456     2 
2.9499999072868377e-05     3 
2.769999991869554e-05     5 
2.970000059576705e-05     7 
3.380000271135941e-05     10 
3.9699996705166996e-05     12 
4.140000237384811e-05     15 
5.450000026030466e-05     20 
7.46000005165115e-05     30 
9.160000627161935e-05     40 
0.00011190000077476725     50 
0.00023269999655894935     70 
0.0002891999974963255     100 
0.0003754999997909181     150 
0.0005213000040384941     200 
0.001498199999332428     300 
0.0012743999977828935     500 
0.0046975000004749745     750 
0.0065451999980723485     1000 
0.007453699996403884     1800 
0.013213699996413197     2500 
0.0318939999997383     4000 
0.04706590000569122     2 
8.38999985717237e-05     3 
8.920000254875049e-05     5 
0.00010029999975813553     7 
0.0001387999946018681     10 
0.0001416000013705343     12 
0.0002032999982475303     15 
0.0002151000007870607     20 
0.00026620000426191837     30 
0.0003371999991941266     40 
0.00040409999928670004     50 
0.0009363999997731298     70 
0.001110600001993589     100 
0.0013914000010117888     150 
0.0025195999987772666     200 
0.0026954999993904494     300 
0.00473039999633329     500 
0.011095499998191372     750 
0.012710399998468347     1000 
0.06681949999619974     1800 
0.05083290000038687     2500 
0.030762900001718663     4000 
0.015819300002476666     2 
3.6600002204068005e-05     3 
3.730000025825575e-05     5 
4.260000423528254e-05     7 
4.9100002797786146e-05     10 
0.00010850000398932025     12 
6.330000178422779e-05     15 
8.789999992586672e-05     20 
0.00011159999849041924     30 
0.00013300000136950985     40 
0.000320400002237875     50 
0.0003575000009732321     70 
0.00046740000107092783     100 
0.0005945999946561642     150 
0.0006377000026986934     200 
0.0009482000023126602     300 
0.0018846999955712818     500 
0.003046999998332467     750 
0.004086400003870949     1000 
0.02385130000038771     1800 
0.05732949999946868     2500 
0.027120999999169726     4000 
0.010095099998579826     2 
3.5200006095692515e-05     3 
3.760000254260376e-05     5 
7.889999687904492e-05     7 
5.270000110613182e-05     10 
6.759999814676121e-05     12 
7.240000559249893e-05     15 
9.62999984039925e-05     20 
0.00012280000373721123     30 
0.00014089999604038894     40 
0.00017780000052880496     50 
0.0004315000041970052     70 
0.0005032999979448505     100 
0.0005837999997311272     150 
0.0007047000035527162     200 
0.0020724999994854443     300 
0.0016679999971529469     500 
0.003115899999102112     750 
0.005123099996126257     1000 
0.009799599996767938     1800 
0.022691300000587944     2500 
0.06964980000338983     4000 
0.01945700000214856     2 
5.62999994144775e-05     3 
7.299999560927972e-05     5 
7.690000347793102e-05     7 
7.719999848632142e-05     10 
8.439999510301277e-05     12 
0.0001233000002685003     15 
0.00014769999688724056     20 
0.00020659999427152798     30 
0.0002134000023943372     40 
0.0003668000063044019     50 
0.0004456000024219975     70 
0.000508699995407369     100 
0.0009530000024824403     150 
0.0011696000001393259     200 
0.0017184000025736168     300 
0.00394360000063898     500 
0.004865199996856973     750 
0.00398509999649832     1000 
0.013735299995460082     1800 
0.01549640000303043     2500 
0.04601740000362042     4000 
0.018425599999318365     2 
3.270000161137432e-05     3 
5.4299998737405986e-05     5 
3.809999907389283e-05     7 
4.350000381236896e-05     10 
4.510000144364312e-05     12 
5.5500000598840415e-05     15 
7.79999973019585e-05     20 
9.790000331122428e-05     30 
0.00011879999510711059     40 
0.00019780000002356246     50 
0.00030780000088270754     70 
0.00037200000224402174     100 
0.00047230000200215727     150 
0.0005544000014197081     200 
0.0008515000008628704     300 
0.001636300003156066     500 
0.0036249999975552782     750 
0.005052500004239846     1000 
0.009163700000499375     1800 
0.01712730000144802     2500 
0.03697019999526674     4000 
