Tiempo de ensamblaje(s)     Tiempo en calcular(s)     Tamaño matriz 
0.009358700000007047   0.009652399999936279   2 
6.029999997281266e-05   0.0008080999999720007   3 
4.269999999451102e-05   0.00013209999997343402   5 
4.179999996267725e-05   0.00012760000004163885   7 
4.94000000799133e-05   0.00022490000003472232   10 
3.890000004957983e-05   0.00021870000000490109   12 
4.219999993892998e-05   0.0002108999999563821   15 
4.0399999988949276e-05   0.0002216999999973268   20 
5.6699999959164415e-05   0.00023989999999685097   30 
0.0003169999999954598   0.0003451999999697364   40 
0.0006859000000076776   0.0008864000000130545   50 
0.0007521999999653417   0.0010201000000051863   70 
0.0005543999999417792   0.0015505999999732012   100 
0.000698499999998603   0.002232999999932872   150 
0.0011487000000443004   0.004121700000041528   200 
0.0027718999999706284   0.006744199999957345   300 
0.006319100000041544   0.025456399999939094   500 
0.022870500000067295   0.08147169999995185   750 
0.03303280000000086   0.1601129000000583   1000 
0.10396900000000642   0.7017081000000189   1800 
0.18659569999999803   1.9184109999999919   2500 
0.010928100000000995   0.01135250000004362   2 
6.270000005770271e-05   0.0001938000000336615   3 
3.049999997983832e-05   0.00011410000001887965   5 
2.949999998236308e-05   0.00011280000001079316   7 
2.960000006169139e-05   0.0001181999999744221   10 
4.009999997833802e-05   0.00011349999999765714   12 
3.839999999399879e-05   0.00011280000001079316   15 
3.870000000461005e-05   0.00030429999992520607   20 
0.00022650000005342008   0.0002952999999479289   30 
0.0003610999999636988   0.0005433999999695516   40 
0.0006888000000344618   0.0008166000000073836   50 
0.0006994999999960783   0.001180200000021614   70 
0.0006847000000789194   0.0016187999999601743   100 
0.0006806999999753316   0.0026017999999794483   150 
0.0012224000000742308   0.0039762000000109765   200 
0.003104200000052515   0.008052599999928134   300 
0.006396399999971436   0.029771199999913733   500 
0.022672599999964405   0.09255220000000008   750 
0.03601240000000416   0.35781919999999445   1000 
0.30193529999996827   2.038355299999921   1800 
0.170227299999965   1.647792099999947   2500 
0.015500199999905817   0.014350700000022698   2 
8.470000000215805e-05   0.0002570999999988999   3 
5.9000000078412995e-05   0.00018690000001697626   5 
6.970000004002941e-05   0.0003534999999601496   7 
4.8199999923781434e-05   0.00033860000007734925   10 
5.8500000022831955e-05   0.0003920000000334767   12 
0.0004645999999866035   0.00042290000010325457   15 
7.909999999355932e-05   0.00039979999996830884   20 
0.00041809999993347446   0.00044879999995828257   30 
0.000596799999925679   0.0007428000000118118   40 
0.0007094999999708307   0.0008792000000994449   50 
0.0007183000000168249   0.001236099999914586   70 
0.0007074000000102387   0.0016467000000375265   100 
0.0006896000001006541   0.0025493000000551547   150 
0.0012546000000384083   0.004018499999915548   200 
0.002149000000031265   0.0071421999999756736   300 
0.006114400000001297   0.02658489999998892   500 
0.02331760000004124   0.08919099999991431   750 
0.03433749999999236   0.18368839999993725   1000 
0.11390959999994266   1.8885665000000245   1800 
0.6215929999999616   1.7774990000000344   2500 
0.013635600000043269   0.015053500000021813   2 
6.559999997080013e-05   0.00018069999998715502   3 
4.720000003999303e-05   0.0001305000000684231   5 
4.100000001017179e-05   0.00011530000006132468   7 
3.9600000036443816e-05   0.00011619999997947161   10 
4.2200000052616815e-05   0.00011840000001939188   12 
5.610000005162874e-05   0.00014299999998002022   15 
4.690000002938177e-05   0.0001730999999836058   20 
8.979999995517574e-05   0.00020670000003519817   30 
0.000426500000003216   0.00029929999993782985   40 
0.0001508999999941807   0.00047710000001188746   50 
0.00016100000004826143   0.0007208000000673565   70 
0.0003119000000424421   0.0011665999999195265   100 
0.0003060999999888736   0.0021765000000186774   150 
0.0010796000000254935   0.0036714000000301894   200 
0.00232970000001842   0.006947900000000118   300 
0.006587999999965177   0.025204500000086227   500 
0.021853299999975206   0.0909483000000364   750 
0.038357599999926606   0.17921639999997296   1000 
0.11115580000000591   1.3699036000000433   1800 
0.6058937999999898   2.339030800000046   2500 
0.010601299999962066   0.011149100000011458   2 
6.740000003446767e-05   0.0004002000000582484   3 
4.2600000028869545e-05   0.00015120000000479195   5 
3.300000003036985e-05   0.00011580000000321888   7 
2.8799999995499093e-05   0.00011239999992085359   10 
3.649999996468978e-05   0.0001111999999920954   12 
3.5899999943467265e-05   0.00011370000004262693   15 
3.890000004957983e-05   0.00032140000007530034   20 
0.00023889999999937572   0.0002502999999478561   30 
0.00015400000006593473   0.0004294999999956417   40 
0.0006744999999455104   0.0007889999999406427   50 
0.0006685999999263004   0.001133699999968485   70 
0.0007178000000749307   0.0015838000000485408   100 
0.0006563999999116277   0.0025015999999595806   150 
0.0006372000000283151   0.0038573000000496904   200 
0.002931999999987056   0.00819750000005115   300 
0.008389500000021144   0.027760800000010022   500 
0.02002950000007786   0.091325700000084   750 
0.0351568999999472   0.18225639999991472   1000 
0.11423789999992096   0.8873993999999357   1800 
0.5877990000000182   3.188635999999974   2500 
0.014967200000000958   0.013343600000098377   2 
6.69999999445281e-05   0.00018310000007204508   3 
4.2200000052616815e-05   0.00011729999994258833   5 
4.3399999981375004e-05   0.00013290000003962632   7 
5.960000009963551e-05   0.00016559999994569807   10 
4.9700000090524554e-05   0.0001321999999390755   12 
4.8300000003109744e-05   0.00012590000005729962   15 
4.8699999979362474e-05   0.00017849999994723476   20 
0.0003318000000263055   0.0003948999999465741   30 
0.0005121000000372078   0.000571600000057515   40 
0.0007524000000103115   0.000814100000070539   50 
0.0007033000000546963   0.0010083999999324078   70 
0.0006862999999839303   0.0015819999999848733   100 
0.0003210000000990476   0.0019713000000365355   150 
0.0011915999999700944   0.0039375000000063665   200 
0.0029666000000361237   0.0070687999999563544   300 
0.006705499999952735   0.030498299999976552   500 
0.02419990000009875   0.09512560000007397   750 
0.036898300000075324   0.18767419999994672   1000 
0.11711059999993267   1.1488868000000139   1800 
0.5886362999999619   2.6833583999999746   2500 
0.008716399999912028   0.0072992999999996755   2 
6.599999994705286e-05   0.0003599000000349406   3 
4.03000000233078e-05   0.0002849999999625652   5 
4.089999993084348e-05   0.00028249999991203367   7 
3.939999999147403e-05   0.0002869999999575157   10 
7.17000000349799e-05   0.000285200000007535   12 
7.350000009864743e-05   0.000289000000066153   15 
7.93000000385291e-05   0.00035289999993892707   20 
0.0002484999999978754   0.0003596999999899708   30 
0.0002461000000266722   0.00048160000005736947   40 
0.000742599999966842   0.000847099999987222   50 
0.0007075999999415217   0.0011455999999725464   70 
0.0007102000000713815   0.001766399999951318   100 
0.0007088999999496082   0.002687100000002829   150 
0.0006802000000334374   0.004144500000052176   200 
0.0027655000000095242   0.007791600000018661   300 
0.0058028000000831526   0.027250800000047093   500 
0.022987499999999272   0.09233280000000832   750 
0.03855820000001131   0.19052990000000136   1000 
0.11706189999995331   0.7885276999999178   1800 
0.5855525000000625   3.06512680000003   2500 
0.010774100000048747   0.010389099999997597   2 
5.6300000096598524e-05   0.00017400000001543958   3 
2.9199999971751822e-05   0.00010969999993903912   5 
2.819999997427658e-05   0.00010919999999714491   7 
3.6500000078376615e-05   0.0002862000000050102   10 
6.350000001020817e-05   0.00025779999998576386   12 
6.550000000515865e-05   0.0002596000000494314   15 
6.69999999445281e-05   0.0002018999999791049   20 
0.0003001999999696636   0.0003484000000071319   30 
0.00012870000000475557   0.0004600999999411215   40 
0.0006823999999596708   0.0007719000000179221   50 
0.0006408000000419634   0.0010560000000623404   70 
0.0007844000000432061   0.0014595999999755804   100 
0.0006459999999606225   0.002448899999990317   150 
0.0010768999999299922   0.003878200000031029   200 
0.0026582000000416883   0.007379200000059427   300 
0.006896700000083911   0.03012130000001889   500 
0.02256610000006276   0.09413129999995817   750 
0.037510999999994965   0.19063330000005863   1000 
0.12876919999996517   0.7676732999999558   1800 
0.28564300000005005   3.3467476000000715   2500 
0.013273199999957797   0.012440400000059526   2 
7.100000004811591e-05   0.00036610000006476184   3 
4.520000004504254e-05   0.00031860000001415756   5 
4.46999999894615e-05   0.0003060999999888736   7 
4.369999999198626e-05   0.0003074999999626016   10 
7.879999998294807e-05   0.00031420000004800386   12 
8.330000002843008e-05   0.00031219999993936653   15 
8.420000006026385e-05   0.0003366999999343534   20 
0.000413999999977932   0.00037559999998393323   30 
0.0005403999999771258   0.0004993000000013126   40 
0.0008447999999816602   0.000927799999999479   50 
0.0008208000000422544   0.001594700000055127   70 
0.0006859999999733191   0.001942399999961708   100 
0.0008215000000291184   0.002902999999946587   150 
0.001871200000095996   0.00627750000001015   200 
0.0030381999999917753   0.010237800000027164   300 
0.008427900000015143   0.027770299999929193   500 
0.020578600000021652   0.0928367999999864   750 
0.036327500000084   0.1925348000000895   1000 
0.11718359999997574   0.8064054000000169   1800 
0.17168069999991076   3.49687629999994   2500 
0.012362299999949755   0.012241799999969771   2 
9.079999995265098e-05   0.0002779999999802385   3 
7.819999996172555e-05   0.00025649999997767736   5 
7.769999990614451e-05   0.00023649999991448567   7 
8.289999993849051e-05   0.0002751999999190957   10 
0.00020330000006651971   0.0003955999999334381   12 
7.189999996626284e-05   0.0003912000000809712   15 
6.719999998949788e-05   0.00039769999989403004   20 
0.00028500000007625204   0.0004364999999779684   30 
0.0007584999999608044   0.0007668999999168591   40 
0.0008073000000194952   0.0010701999999582767   50 
0.0007790999999315318   0.00135550000004514   70 
0.0007157000000006519   0.0017223999999487205   100 
0.0008033000000295942   0.0027463999999781663   150 
0.0011768000000529355   0.00449700000001485   200 
0.0025712000000339685   0.00972460000002684   300 
0.0076791000000184795   0.028411399999981768   500 
0.02369080000005397   0.09469539999997778   750 
0.03643850000003113   0.19206159999998818   1000 
0.12739800000008472   0.7853049999999939   1800 
0.18333659999996144   3.512513199999944   2500 
