Tiempo de ensamblaje(s)     Tiempo en calcular(s)     Tamaño matriz 
0.08529920000000857   0.0018318999973416794   2 
0.005133200000273064   0.0018167000016546808   3 
0.005348800001229392   0.015156800000113435   5 
0.004860500001086621   0.0014581999967049342   7 
0.005499700000655139   0.0015338999983214308   10 
0.005123599999933504   0.0014130000017757993   12 
0.004156099999818252   0.0014306000011856668   15 
0.004080099999555387   0.00148550000085379   20 
0.006296200001088437   0.0018588999992061872   30 
0.0057608999995864   0.0006686999986413866   40 
0.001661700000113342   0.00038950000089243986   50 
0.0019996999981231056   0.00033239999902434647   70 
0.0016918000001169275   0.00021809999816468917   100 
0.00378419999833568   0.0002195999986724928   150 
0.0032586000015726313   0.0004917000005661976   200 
0.004645299999538111   0.00021470000137924217   300 
0.015554099998553284   0.0004088000023330096   500 
0.03869669999767211   0.00044999999954598024   750 
0.06767719999697874   0.0006196000031195581   1000 
0.16579830000046059   0.000343700001394609   1800 
0.3052285000012489   0.0004215000008116476   2500 
0.8409997000017029   0.0010591999998723622   4000 
0.039059299997461494   0.0001812999980757013   2 
0.0008917999984987546   0.00018149999959859997   3 
0.0008309000004373956   0.00018979999731527641   5 
0.0005811999981233384   0.00017320000188192353   7 
0.0011070000000472646   0.0001779000012902543   10 
0.0010478000003786292   0.00016529999993508682   12 
0.0012638000007427763   0.00036130000080447644   15 
0.001186599998618476   0.00017880000086734071   20 
0.0019773999993049074   0.00029999999969732016   30 
0.0020941000002494548   0.00044780000098398887   40 
0.0017368000007991213   0.0004459000010683667   50 
0.0025724999977683183   0.00042410000241943635   70 
0.003117500000371365   0.00020429999858606607   100 
0.0027788000006694347   0.00024649999977555126   150 
0.006260000001930166   0.0004748999999719672   200 
0.009578299999702722   0.0002525999989302363   300 
0.013528100000257837   0.0002590000003692694   500 
0.033450300001277355   0.00033239999902434647   750 
0.059893199999351054   0.00035660000139614567   1000 
0.2034750000020722   0.00034130000130971894   1800 
0.32620460000180174   0.0004728999992948957   2500 
2.060136500000226   0.0033566999991307966   4000 
0.15064279999933206   0.0024235999990196433   2 
0.004718999996839557   0.0014029999983904418   3 
0.005135300001711585   0.0011668999977700878   5 
0.003986899999290472   0.000910000002477318   7 
0.006514099997730227   0.0013986999983899295   10 
0.005038899998908164   0.0006840000023657922   12 
0.003911200001311954   0.0010118000027432572   15 
0.005416799998783972   0.0015874000018811785   20 
0.010166200001549441   0.0012532000000646804   30 
0.010400200000731274   0.002532000002247514   40 
0.008190500000637257   0.002119900000252528   50 
0.011023999999451917   0.001567100000102073   70 
0.01216519999798038   0.0012745999993057922   100 
0.010010099998908117   0.0013140000010025688   150 
0.015257999999448657   0.0009141999980784021   200 
0.064828700000362   0.0019083000006503426   300 
0.19389809999847785   0.0017666999992798083   500 
0.18963789999907021   0.001459499999327818   750 
0.06863330000123824   0.0002733999972406309   1000 
0.14347619999898598   0.0003466000016487669   1800 
0.2825494999997318   0.00039539999852422625   2500 
0.7655826999980491   0.0005936000015935861   4000 
0.04241439999896102   0.00019889999748556875   2 
0.000632499999483116   0.00018479999926057644   3 
0.0005802000014227815   0.0001717000013741199   5 
0.0007530000002589077   0.00017920000027515925   7 
0.0006136999982118141   0.00017239999942830764   10 
0.0009487999996053986   0.00017330000264337286   12 
0.0009686000012152363   0.00017139999908977188   15 
0.0009018000018841121   0.0001697999978205189   20 
0.001499300000432413   0.0003088999983447138   30 
0.0019597000027715694   0.00042579999717418104   40 
0.001755000001139706   0.0004442999997991137   50 
0.002157800001441501   0.0003102000009675976   70 
0.001232200000231387   0.00017899999875226058   100 
0.001911600000312319   0.00018850000196835026   150 
0.002422000001388369   0.00020360000053187832   200 
0.005557600001338869   0.00025269999969168566   300 
0.01464520000081393   0.0003161999993608333   500 
0.029201800000009825   0.0003178000006300863   750 
0.059077699999761535   0.00028620000011869706   1000 
0.18070219999935944   0.0007709999990765937   1800 
0.3013293000003614   0.0006160000011732336   2500 
1.3581067000013718   0.002378000001044711   4000 
0.15981960000135587   0.0014472000002569985   2 
0.0021646999994118232   0.0013281999999890104   3 
0.0028220000021974556   0.00068710000050487   5 
0.0031715000004624017   0.0007702000002609566   7 
0.002681900001334725   0.0006542999981320463   10 
0.003217699999368051   0.0006697999997413717   12 
0.0055355999975290615   0.0006763000019418541   15 
0.004523499999777414   0.0006794999972044025   20 
0.006201500000315718   0.0011178999993717298   30 
0.008723799997824244   0.0020393999984662514   40 
0.009796199999982491   0.0024833000024955254   50 
0.012387099999614293   0.0018348999983572867   70 
0.029119400001945905   0.0012642000001505949   100 
0.017083499998989282   0.0016566000012971926   150 
0.027895800001715543   0.001301100001001032   200 
0.041729700002179015   0.0013620999998238403   300 
0.4321621999988565   0.0018546999999671243   500 
0.8336466000000655   0.0038152999986778013   750 
0.19723899999735295   0.0005930000006628688   1000 
0.15942319999885513   0.0007069000021147076   1800 
0.2754934000004141   0.00039400000241585076   2500 
0.7419249999984459   0.0006358999999065418   4000 
0.045591599999170285   0.00043989999903715216   2 
0.0008815000001050066   0.00018490000002202578   3 
0.0006083000007492956   0.0001799000019673258   5 
0.0010530999970796984   0.00018340000315220095   7 
0.0011544000008143485   0.00018090000230586156   10 
0.0014861999989079777   0.00019379999866941944   12 
0.0012858999980380759   0.00018529999942984432   15 
0.001269000000320375   0.00017149999985122122   20 
0.0021597000013571233   0.0004471000029298011   30 
0.002401100002316525   0.00044689999776892364   40 
0.0026900000011664815   0.0004919999992125668   50 
0.0012267000020074192   0.0002547000003687572   70 
0.0013149999977031257   0.00019670000256155618   100 
0.0018601999981910922   0.00021610000112559646   150 
0.002451299998938339   0.000374399998690933   200 
0.010478199998033233   0.00045730000056209974   300 
0.011143799998535542   0.00024359999952139333   500 
0.026509799998166272   0.000305800000205636   750 
0.07229369999913615   0.00045400000090012327   1000 
0.19111179999890737   0.0007810000024619512   1800 
0.34523110000009183   0.000537899999471847   2500 
1.6533717999991495   0.0038739000010536984   4000 
0.15819240000200807   0.0007614999994984828   2 
0.0022056000016164035   0.0006366000015987083   3 
0.002650099999300437   0.0009314000017184298   5 
0.003471600000921171   0.0009489999974903185   7 
0.0028301999991526827   0.0006009000026097056   10 
0.0035296999994898215   0.0007824000022083055   12 
0.00455839999995078   0.0006687000022793654   15 
0.005111500002385583   0.0006202000004122965   20 
0.00931289999789442   0.0018302999997104052   30 
0.010947599999781232   0.0016675000006216578   40 
0.009564500000124099   0.0017222000024048612   50 
0.0108488000005309   0.0026692999999795575   70 
0.012564600001496729   0.0012833999971917365   100 
0.01584000000002561   0.0012887000011687633   150 
0.01690489999964484   0.0012848000005760696   200 
0.03091399999902933   0.0013849999995727558   300 
0.08388249999916297   0.0014252000000851694   500 
0.15396880000116653   0.002799800000502728   750 
0.23582410000017262   0.00320839999767486   1000 
0.7150911999997334   0.00034139999843318947   1800 
0.25598299999910523   0.00084209999840823   2500 
0.7426556000027631   0.0006137999989732634   4000 
0.03709019999951124   0.00019750000137719326   2 
0.0006659999999101274   0.00017289999959757552   3 
0.0014086000010138378   0.0004042000000481494   5 
0.0006663999993179459   0.00018009999985224567   7 
0.0005999999993946403   0.00017010000010486692   10 
0.0006134000032034237   0.00017250000018975697   12 
0.001419000000169035   0.0003944000018236693   15 
0.0006914000005053822   0.0001816000003600493   20 
0.0007102999989001546   0.00017160000061267056   30 
0.0014532999994116835   0.00020000000222353265   40 
0.0008421999991696794   0.00018309999722987413   50 
0.0017112999994424172   0.0001928000019688625   70 
0.0027179999997315463   0.0003166999995301012   100 
0.0037024999983259477   0.00034719999894150533   150 
0.004472099997656187   0.0004936000004818197   200 
0.0071494000003440306   0.0005541999998968095   300 
0.01739390000147978   0.00027290000070934184   500 
0.04275789999883273   0.00042349999785074033   750 
0.06416519999766024   0.0007039999982225709   1000 
0.1700684999996156   0.0007310000000870787   1800 
0.27405219999855035   0.0004754999972647056   2500 
1.0017761000017344   0.003366299999470357   4000 
0.17947019999701297   0.000693199999659555   2 
0.0024057000009634066   0.0006436000003304798   3 
0.005766299997048918   0.0007089000027917791   5 
0.002805399999488145   0.0006317999977909494   7 
0.002383800001553027   0.0006448000021919142   10 
0.007274700001289602   0.0007256999997480307   12 
0.00389030000224011   0.0006247000019357074   15 
0.005340699997759657   0.0017107000021496788   20 
0.006421599999157479   0.0011889999987033661   30 
0.008860699999786448   0.0012349999997240957   40 
0.008108300000458257   0.0016271999993477948   50 
0.010726999997132225   0.0019110000030195806   70 
0.010178299999097362   0.0017282000007980969   100 
0.018328599999222206   0.001902799998788396   150 
0.017772400002286304   0.0018694000027608126   200 
0.02284240000153659   0.0007394999993266538   300 
0.037718499999755295   0.0008142000006046146   500 
0.2968798000001698   0.002894900000683265   750 
0.5266852999993716   0.0009748000011313707   1000 
1.0747497000011208   0.0015893999989202712   1800 
0.2907298999998602   0.0008116000026348047   2500 
0.7258274999985588   0.0005707999989681412   4000 
0.06249190000016824   0.00019430000247666612   2 
0.0005842000027769245   0.00016259999756584875   3 
0.0006501999996544328   0.00016139999934239313   5 
0.0007497000005969312   0.00016180000238819048   7 
0.0006762000011804048   0.00016390000018873252   10 
0.0015156000008573756   0.00037009999869042076   12 
0.0013651000008394476   0.00037040000097476877   15 
0.0014206999985617585   0.0003735999998752959   20 
0.0016574999972363003   0.00035769999885815196   30 
0.0016361999987566378   0.00033199999961652793   40 
0.0017112999994424172   0.0003192999974999111   50 
0.0019294999983685557   0.000464000000647502   70 
0.003999199998361291   0.00045729999692412093   100 
0.0035690000004251488   0.00044749999869964086   150 
0.00412769999820739   0.0002069000001938548   200 
0.004910599996946985   0.00021150000247871503   300 
0.01642159999755677   0.0004544000003079418   500 
0.04241859999820008   0.000455999997939216   750 
0.05729290000090259   0.000830699998914497   1000 
0.1573485000008077   0.00036689999978989363   1800 
0.2881444999984524   0.0008230000021285377   2500 
0.7994173000006413   0.0006003000016789883   4000 
