Tiempo de calculo(s)   Tamaño matriz 
0.020224800005962607     2 
4.389999958220869e-05     3 
3.310000465717167e-05     5 
3.290000313427299e-05     7 
4.0599996282253414e-05     10 
4.189999890513718e-05     12 
4.640000406652689e-05     15 
5.7000004744622856e-05     20 
0.00011510000331327319     30 
9.959999442799017e-05     40 
0.00011539999832166359     50 
0.000155999994603917     70 
0.00025409999943803996     100 
0.00030720000358996913     150 
0.000614199998381082     200 
0.0006476999988080934     300 
0.0011513999997987412     500 
0.0028568000052473508     750 
0.003990400000475347     1000 
0.02327759999752743     1800 
0.016392799996538088     2500 
0.025196900001901668     4000 
0.009663900003943127     2 
3.309999738121405e-05     3 
3.380000271135941e-05     5 
3.8700003642588854e-05     7 
4.900000203633681e-05     10 
4.7100002120714635e-05     12 
5.289999535307288e-05     15 
7.570000161649659e-05     20 
8.679999882588163e-05     30 
0.00010699999984353781     40 
0.0001336999994236976     50 
0.00020059999951627105     70 
0.00024300000222865492     100 
0.0003445999973337166     150 
0.00047900000208755955     200 
0.0007019000040600076     300 
0.0014605999967898242     500 
0.0036246999952709302     750 
0.004849500001000706     1000 
0.009117100002185907     1800 
0.014296899993496481     2500 
0.08998560000327416     4000 
0.025209700004779734     2 
0.0001182000050903298     3 
0.00013330000365385786     5 
0.00011649999942164868     7 
0.00015720000374130905     10 
0.00015659999917261302     12 
0.0002147999985027127     15 
0.00026050000451505184     20 
0.0005414999977801926     30 
0.00036759999784408137     40 
0.002561100001912564     50 
0.000948900000366848     70 
0.0015054999967105687     100 
0.0011260000028414652     150 
0.004633700002159458     200 
0.005587399995420128     300 
0.009260099999664817     500 
0.024950300001364667     750 
0.019046400004299358     1000 
0.04828350000025239     1800 
0.011969400002271868     2500 
0.03409850000025472     4000 
0.014335100000607781     2 
3.699999797390774e-05     3 
3.5099998058285564e-05     5 
3.909999941242859e-05     7 
4.669999907491729e-05     10 
4.959999932907522e-05     12 
5.649999366141856e-05     15 
9.069999941857532e-05     20 
0.00010440000187372789     30 
0.0001281000004382804     40 
0.00029720000020461157     50 
0.0003149999974993989     70 
0.00042889999895123765     100 
0.0005543000006582588     150 
0.0006582000060006976     200 
0.0009002000006148592     300 
0.0014569999984814785     500 
0.0027746999985538423     750 
0.004390299996885005     1000 
0.019780599999648985     1800 
0.014979899999161717     2500 
0.0338629999969271     4000 
0.014561799995135516     2 
3.170000127283856e-05     3 
3.289999585831538e-05     5 
3.860000288113952e-05     7 
4.220000118948519e-05     10 
4.5900000259280205e-05     12 
5.339999916031957e-05     15 
8.009999874047935e-05     20 
0.00011399999493733048     30 
0.00013529999705497175     40 
0.00016260000120382756     50 
0.00029469999572029337     70 
0.0003442999950493686     100 
0.0004963000028510578     150 
0.0008017000000108965     200 
0.0009422000002814457     300 
0.0016427000009571202     500 
0.003318399998534005     750 
0.009144299998297356     1000 
0.017366399995808024     1800 
0.01773729999695206     2500 
0.08744669999578036     4000 
0.03707869999925606     2 
0.00013409999519353732     3 
0.00016649999452056363     5 
0.00017850000585895032     7 
0.0002151000007870607     10 
0.00031709999893791974     12 
0.00018560000171419233     15 
0.00020519999816315249     20 
0.00028249999741092324     30 
0.00033629999961704016     40 
0.00047990000166464597     50 
0.0005803000021842308     70 
0.0009834000011323951     100 
0.0010754000031738542     150 
0.0015184999938355759     200 
0.003764299995964393     300 
0.008587800002715085     500 
0.011959900002693757     750 
0.016711900003429037     1000 
0.06252270000550197     1800 
0.017279800005781     2500 
0.03200970000034431     4000 
0.01388089999818476     2 
3.460000152699649e-05     3 
6.150000263005495e-05     5 
3.809999907389283e-05     7 
4.3000000005122274e-05     10 
5.0199996621813625e-05     12 
5.439999949885532e-05     15 
6.630000279983506e-05     20 
8.879999950295314e-05     30 
0.00013440000475384295     40 
0.0005041000040364452     50 
0.0004748999999719672     70 
0.0005586000042967498     100 
0.000826000003144145     150 
0.0018111999961547554     200 
0.0007231999989016913     300 
0.00148790000093868     500 
0.0028175999977975152     750 
0.0038501999952131882     1000 
0.013685599995369557     1800 
0.014928500000678468     2500 
0.031355400002212264     4000 
0.017102000005252194     2 
3.840000135824084e-05     3 
3.9200000173877925e-05     5 
4.289999924367294e-05     7 
5.539999983739108e-05     10 
5.469999450724572e-05     12 
5.980000423733145e-05     15 
7.340000593103468e-05     20 
9.819999831961468e-05     30 
0.00012479999713832512     40 
0.00017219999426743016     50 
0.0003141999986837618     70 
0.00037990000419085845     100 
0.0005458999949041754     150 
0.0006381999992299825     200 
0.0007814999989932403     300 
0.0035420999993220903     500 
0.005762200002209283     750 
0.004099400000995956     1000 
0.01898609999625478     1800 
0.01571939999848837     2500 
0.021344399996451102     4000 
0.05514949999633245     2 
0.00019669999892357737     3 
0.00013480000052368268     5 
0.0001362000039080158     7 
0.0002613000033306889     10 
0.00046149999980116263     12 
0.0005590999935520813     15 
0.0005930999977863394     20 
0.0008788999984972179     30 
0.0007416999942506664     40 
0.00152160000288859     50 
0.001255000002856832     70 
0.001966199997696094     100 
0.0015478999994229525     150 
0.0020270000022719614     200 
0.003111199999693781     300 
0.008181299999705516     500 
0.012521100004960317     750 
0.012119899998651817     1000 
0.0645065999997314     1800 
0.013274799995997455     2500 
0.028838300000643358     4000 
0.015190799997071736     2 
3.3399999665562063e-05     3 
3.7099998735357076e-05     5 
4.579999949783087e-05     7 
4.890000127488747e-05     10 
5.450000026030466e-05     12 
5.889999738428742e-05     15 
8.669999806443229e-05     20 
0.00010879999899771065     30 
0.0001336999994236976     40 
0.00016209999739658087     50 
0.0003443000023253262     70 
0.0004127000065636821     100 
0.0005405000047176145     150 
0.0006517000001622364     200 
0.0007748999996692874     300 
0.0016423999986727722     500 
0.0026624000020092353     750 
0.005539300000236835     1000 
0.010087299997394439     1800 
0.01569109999400098     2500 
0.024155599996447563     4000 
