Tiempo de ensamblaje(s)     Tiempo en calcular(s)     Tamaño matriz 
0.023520999999163905   0.008709499998076353   2 
8.759999764151871e-05   4.529999932856299e-05   3 
0.00012549999883049168   0.0014767000029678456   5 
0.00023210000290418975   6.27999979769811e-05   7 
0.00023809999765944667   4.0199996874434873e-05   10 
0.00023290000171982683   5.609999789157882e-05   12 
0.0003533000017341692   0.00010409999958937988   15 
0.0004555000014079269   0.0004165999998804182   20 
0.0004952000017510727   0.0013662000019394327   30 
0.0008535000015399419   0.0003172999968228396   40 
0.0011589999994612299   0.0002519000008760486   50 
0.001331300001766067   0.0004891999997198582   70 
0.0023467999999411404   0.0010796999995363876   100 
0.002583299999969313   0.002214200001617428   150 
0.004158399999141693   0.004600000000209548   200 
0.005468899998959387   0.009320200002548518   300 
0.009658899998612469   0.09319020000111777   500 
0.020187199999782024   0.09094329999788897   750 
0.027591299996856833   0.2380252000002656   1000 
0.050157199999375734   1.8651337000010244   1800 
0.2949765000012121   3.473748799999157   2500 
0.08385360000102082   15.64233609999792   4000 
0.06614930000068853   0.04240129999743658   2 
7.569999797851779e-05   4.5099997805664316e-05   3 
9.11999995878432e-05   4.099999932805076e-05   5 
0.00010370000018156134   2.9200000426499173e-05   7 
0.00013279999984661117   3.780000042752363e-05   10 
0.0006374000004143454   5.230000169831328e-05   12 
0.0004776999994646758   5.6700002460274845e-05   15 
0.0005227000001468696   5.750000127591193e-05   20 
0.0005874000016774517   0.006276500000240048   30 
0.00047110000014072284   0.00013580000086221844   40 
0.0008369999995920807   0.001095699997677002   50 
0.0009749999990162905   0.00016399999731220305   70 
0.00137660000109463   0.00027090000003227033   100 
0.0023818000008759554   0.000758099999075057   150 
0.004749100000481121   0.0020831000001635402   200 
0.005656499997712672   0.007109800000762334   300 
0.011450200003309874   0.0581380999974499   500 
0.0523786999983713   0.21515220000219415   750 
0.06803469999795198   0.5351424000000407   1000 
0.12109649999911198   1.8883190999986255   1800 
0.06189799999992829   3.6579054999965592   2500 
0.27484480000202893   17.548459000001458   4000 
0.0971748000010848   0.043285800002195174   2 
8.170000000973232e-05   5.249999958323315e-05   3 
7.920000280137174e-05   4.4600001274375245e-05   5 
9.829999908106402e-05   3.4100001357728615e-05   7 
0.0001258000011148397   4.030000127386302e-05   10 
0.0002172999993490521   4.569999873638153e-05   12 
0.00020119999680900946   4.619999890564941e-05   15 
0.0006696999989799224   5.2999999752501026e-05   20 
0.000882399999682093   0.00019520000205375254   30 
0.0009778999992704485   0.00017970000044442713   40 
0.001010100000712555   0.01205150000168942   50 
0.0019922999999835156   0.0018288000028405804   70 
0.0015800000001036096   0.0005544000014197081   100 
0.002381900001637405   0.002205999997386243   150 
0.0033767999993870035   0.003735800000868039   200 
0.00481950000175857   0.011125799999717856   300 
0.010891600002651103   0.026814000000740634   500 
0.01899789999879431   0.09198729999843636   750 
0.025782900000194786   0.20802410000032978   1000 
0.03464529999837396   1.5292661000021326   1800 
0.19494379999741795   3.6006578000014997   2500 
0.11372779999874183   15.384197200000926   4000 
0.08303599999999278   0.048170800000661984   2 
7.94000006862916e-05   4.650000118999742e-05   3 
9.40000027185306e-05   4.239999907440506e-05   5 
0.00013819999730912969   4.289999924367294e-05   7 
0.0001999000014620833   5.0099999498343095e-05   10 
0.00019609999799286015   4.070000068168156e-05   12 
0.0002240999965579249   4.289999924367294e-05   15 
0.0002915999975812156   4.579999949783087e-05   20 
0.0004076000004715752   6.950000170036219e-05   30 
0.0005423000002338085   7.919999916339293e-05   40 
0.000717799997801194   9.399999908055179e-05   50 
0.0010801999997056555   0.0001450000017939601   70 
0.0014469000016106293   0.0003715999991982244   100 
0.0019966999971074983   0.000820400000520749   150 
0.003104499999608379   0.001956399999471614   200 
0.005490899999131216   0.006047700000635814   300 
0.008611799999926006   0.025291300000390038   500 
0.01932669999951031   0.09076869999989867   750 
0.02657550000003539   0.3605946000025142   1000 
0.14854539999942062   2.315739300000132   1800 
0.045666699999856064   3.0460065999977814   2500 
0.26103259999945294   14.866945800000394   4000 
0.20488400000249385   0.06680379999670549   2 
0.0001458000006095972   8.149999848683365e-05   3 
0.00017139999908977188   6.550000034621917e-05   5 
0.0002201000024797395   7.31999971321784e-05   7 
0.0003079000016441569   6.650000068475492e-05   10 
0.0008419000005233102   7.929999992484227e-05   12 
0.0004917000005661976   8.270000034826808e-05   15 
0.0006308000010903925   9.300000237999484e-05   20 
0.0009312000001955312   0.0006371999988914467   30 
0.001976499999727821   0.0006138999997347128   40 
0.0022962000002735294   0.0006027000017638784   50 
0.0027900999994017184   0.001464799999666866   70 
0.00377699999808101   0.0015668000014557038   100 
0.0057670000023790635   0.004732499997771811   150 
0.007740799999737646   0.008365099998627556   200 
0.014603499999793712   0.01929289999679895   300 
0.023619600000529317   0.05897429999822634   500 
0.049944100002903724   0.25408450000031735   750 
0.0675998000006075   0.5005456999970193   1000 
0.11740730000019539   1.4051094999995257   1800 
0.06734309999956167   4.396008399999118   2500 
0.06523749999905704   15.490810499999498   4000 
0.06683500000144704   0.047256199999537785   2 
5.610000152955763e-05   3.65999985660892e-05   3 
7.140000161598437e-05   3.590000051190145e-05   5 
9.180000051856041e-05   3.0400002287933603e-05   7 
0.00010889999975915998   3.279999873484485e-05   10 
0.00013019999823882245   2.7999998565064743e-05   12 
0.00015630000052624382   3.449999712756835e-05   15 
0.0003032000022358261   5.129999772179872e-05   20 
0.0002967000000353437   6.280000161495991e-05   30 
0.0004717999981949106   6.040000153006986e-05   40 
0.0006434999995690305   7.860000187065452e-05   50 
0.0008345000023837201   0.00012630000128410757   70 
0.0011861999992106576   0.0005643000004056375   100 
0.0020815999996557366   0.0007022999998298474   150 
0.0027169999993930105   0.0016672999990987591   200 
0.004225199998472817   0.005557200001931051   300 
0.007640199997695163   0.023186999998870306   500 
0.018646199998329394   0.08110229999874718   750 
0.01696090000041295   0.18569859999843175   1000 
0.04459569999744417   1.0156590000005963   1800 
0.06449809999685385   4.239702999999281   2500 
0.08996950000073412   15.701111800000945   4000 
0.09095919999890612   0.053062599999975646   2 
9.390000195708126e-05   4.930000068270601e-05   3 
0.00011529999756021425   4.909999915980734e-05   5 
0.00014799999917158857   4.610000178217888e-05   7 
0.00017490000027464703   5.279999822960235e-05   10 
0.00021149999884073623   4.229999831295572e-05   12 
0.000276400001894217   4.9700000090524554e-05   15 
0.0003479999977571424   5.880000026081689e-05   20 
0.00048800000149640255   8.95000011951197e-05   30 
0.0005462999979499727   0.000414699999964796   40 
0.0005677000008290634   0.00010560000009718351   50 
0.0007659000002604444   0.00015300000086426735   70 
0.0024471000033372547   0.0002992000008816831   100 
0.0026022999991255347   0.0010173999980906956   150 
0.0027205000005778857   0.0019333999989612494   200 
0.004965500000253087   0.005720400000427617   300 
0.007060800002363976   0.023891600001661573   500 
0.021432900000945665   0.09015170000202488   750 
0.028173200000310317   0.18171570000049542   1000 
0.03946219999852474   1.6547329999993963   1800 
0.17415320000145584   3.5590546000021277   2500 
0.10398720000011963   19.155858900001476   4000 
0.07981500000096275   0.04486249999899883   2 
8.929999967222102e-05   4.990000161342323e-05   3 
9.529999806545675e-05   5.020000025979243e-05   5 
0.00016680000044289045   5.4600001021753997e-05   7 
0.00017300000035902485   5.509999755304307e-05   10 
0.0002041000007011462   4.6299999667098746e-05   12 
0.00020000000222353265   4.6299999667098746e-05   15 
0.00027259999842499383   6.950000170036219e-05   20 
0.0003462999993644189   7.60000002628658e-05   30 
0.00043310000182827935   5.999999848427251e-05   40 
0.000658500001009088   8.750000051804818e-05   50 
0.0007853000024624635   0.00015379999967990443   70 
0.0015712000022176653   0.0003008999992744066   100 
0.0021013999976275954   0.0008631999990029726   150 
0.0035132999983034097   0.0018697999985306524   200 
0.005939499998930842   0.006218899998202687   300 
0.009850200000073528   0.030774999999266583   500 
0.025464399997872533   0.19051519999993616   750 
0.02791340000112541   0.282776100000774   1000 
0.05323059999864199   1.66065990000061   1800 
0.1942367000010563   3.639276099998824   2500 
0.08546669999850565   14.983969699998852   4000 
0.0580627999988792   0.05037880000236328   2 
6.819999907747842e-05   4.199999966658652e-05   3 
0.00015980000171111897   7.040000127744861e-05   5 
0.00012739999874611385   0.000464000000647502   7 
0.0001354000014543999   4.86999997519888e-05   10 
0.00023409999994328246   4.650000118999742e-05   12 
0.00026530000104685314   5.2999999752501026e-05   15 
0.0002339000020583626   4.149999949731864e-05   20 
0.0005233999982010573   0.00019979999706265517   30 
0.0007971999984874856   0.00020010000298498198   40 
0.0009903999998641666   0.0002361999977438245   50 
0.0010726999971666373   0.0001885999990918208   70 
0.001802899998438079   0.00035489999936544336   100 
0.0025879999993776437   0.0007828999987395946   150 
0.0036392000001796987   0.0021190999977989122   200 
0.004984600000170758   0.005762400000094203   300 
0.009235800000169547   0.026731999998446554   500 
0.018917599998530932   0.09274759999971138   750 
0.0290577999985544   0.20207579999987502   1000 
0.0262732999981381   2.089137099999789   1800 
0.15853509999942617   3.028749000000971   2500 
0.11350939999829279   15.896683099999791   4000 
0.3180610000017623   0.3081655999994837   2 
0.0001633000028959941   0.00028029999884893186   3 
0.0002604000001156237   0.00012069999866071157   5 
0.00026530000104685314   0.00010470000052009709   7 
0.0003789000002143439   0.00010939999992842786   10 
0.0006672000017715618   0.00010259999908157624   12 
0.03709389999858104   0.0010888999968301505   15 
0.001217599998199148   0.00013980000221636146   20 
0.001494300002377713   0.006885499999043532   30 
0.0029316000000108033   0.011385800000425661   40 
0.004761800002597738   0.007452599998941878   50 
0.0026763000023493078   0.0056977000022016   70 
0.0029088999981468078   0.05802060000132769   100 
0.008007399999769405   0.011520599997311365   150 
0.009747600000991952   0.041222099996957695   200 
0.016656300002068747   0.04831220000050962   300 
0.030719599999429192   0.2447933000003104   500 
0.06675099999847589   0.3071431999997003   750 
0.07916929999919375   0.44523259999914444   1000 
0.03196179999940796   0.9224106999972719   1800 
0.05154870000114897   4.207963400000153   2500 
0.0990090000013879   15.867973399999755   4000 
