Tiempo de calculo(s)   Tamaño matriz 
0.034079500001098495     2 
4.5900000259280205e-05     3 
3.460000152699649e-05     5 
3.930000093532726e-05     7 
4.7299996367655694e-05     10 
5.5800002883188426e-05     12 
6.710000161547214e-05     15 
8.019999950192869e-05     20 
0.00010659999679774046     30 
0.00018699999782256782     40 
0.00037290000182110816     50 
0.0005749000047217123     70 
0.0003188999980920926     100 
0.0005202999964240007     150 
0.0006811999992351048     200 
0.00124119999964023     300 
0.002246800002467353     500 
0.011121000003186055     750 
0.007104999996954575     1000 
0.013521100001526065     1800 
0.020093399994948413     2500 
0.11445229999662843     4000 
0.03257100000337232     2 
5.20999965374358e-05     3 
4.489999992074445e-05     5 
5.6400000175926834e-05     7 
5.869999586138874e-05     10 
6.890000076964498e-05     12 
7.660000119358301e-05     15 
9.010000212583691e-05     20 
0.00012250000145286322     30 
0.00014870000450173393     40 
0.00017970000044442713     50 
0.00024569999368395656     70 
0.0004721000004792586     100 
0.0005227000001468696     150 
0.0006829999983892776     200 
0.0022988999990047887     300 
0.0071349000063491985     500 
0.009983700001612306     750 
0.008723799997824244     1000 
0.012405599998601247     1800 
0.02159859999665059     2500 
0.04144329999689944     4000 
0.03284880000137491     2 
4.959999932907522e-05     3 
4.249999619787559e-05     5 
4.430000262800604e-05     7 
6.390000635292381e-05     10 
5.999999848427251e-05     12 
7.14999987394549e-05     15 
8.340000204043463e-05     20 
0.00024330000451300293     30 
0.0002601000014692545     40 
0.00034529999538790435     50 
0.00040190000436268747     70 
0.00047479999921051785     100 
0.0006188999977894127     150 
0.000789099998655729     200 
0.0014206000050762668     300 
0.002442700002575293     500 
0.004316799997468479     750 
0.029345499999180902     1000 
0.036813999999139924     1800 
0.019456699999864213     2500 
0.032959500000288244     4000 
0.03791329999512527     2 
0.0001390999968862161     3 
9.770000178832561e-05     5 
0.00010850000398932025     7 
0.00011819999781437218     10 
0.0005954999942332506     12 
0.0006023000023560598     15 
0.00020519999816315249     20 
0.0002673999988473952     30 
0.00034270000469405204     40 
0.0007602000041515566     50 
0.0011244999986956827     70 
0.0010244000004604459     100 
0.0019108999986201525     150 
0.0019083000006503426     200 
0.003209099995729048     300 
0.005757899998570792     500 
0.02539750000141794     750 
0.02045709999947576     1000 
0.009952699998393655     1800 
0.06396159999712836     2500 
0.043624199999612756     4000 
0.022565899998880923     2 
5.18000015290454e-05     3 
4.4500004150904715e-05     5 
4.67000063508749e-05     7 
5.609999789157882e-05     10 
6.25000029685907e-05     12 
7.110000296961516e-05     15 
8.450000314041972e-05     20 
0.0002534000013838522     30 
0.00014250000094762072     40 
0.00017469999875174835     50 
0.000229199999012053     70 
0.00030390000029001385     100 
0.00047729999641887844     150 
0.0006509000013465993     200 
0.0011148999983561225     300 
0.004546800002572127     500 
0.008115500000712927     750 
0.008477600000333041     1000 
0.05052070000238018     1800 
0.023828100005630404     2500 
0.034271099997567944     4000 
0.03973820000101114     2 
6.140000186860561e-05     3 
6.270000449148938e-05     5 
9.100000170292333e-05     7 
0.00010779999865917489     10 
0.0001371000034851022     12 
0.0001512000017100945     15 
0.0003397999971639365     20 
0.00029010000434936956     30 
0.00043849999929079786     40 
0.00036639999598264694     50 
0.0006085999993956648     70 
0.0007733999955235049     100 
0.0011305000007268973     150 
0.001452099997550249     200 
0.002146400001947768     300 
0.005158400002983399     500 
0.004629999995813705     750 
0.008629000003566034     1000 
0.03765259999636328     1800 
0.023468699997465592     2500 
0.035506500003975816     4000 
0.042208700004266575     2 
5.160000000614673e-05     3 
4.1300001612398773e-05     5 
4.600000102072954e-05     7 
5.7199998991563916e-05     10 
6.549999670824036e-05     12 
8.350000280188397e-05     15 
8.430000161752105e-05     20 
0.000112900001113303     30 
0.00014489999739453197     40 
0.0003083000046899542     50 
0.0004212000058032572     70 
0.0005080999981146306     100 
0.0006590000048163347     150 
0.000799699999333825     200 
0.001607899997907225     300 
0.0025206999998772517     500 
0.004497000001720153     750 
0.012892999999166932     1000 
0.018595399997138884     1800 
0.022071899998991285     2500 
0.09234989999822574     4000 
0.03962889999820618     2 
6.44999963697046e-05     3 
6.779999966965988e-05     5 
6.9500005338341e-05     7 
6.289999873843044e-05     10 
6.730000313837081e-05     12 
0.00019430000247666612     15 
0.00026339999749325216     20 
0.00027830000180983916     30 
0.0003569000036804937     40 
0.0003333999993628822     50 
0.0004667999965022318     70 
0.0004606000002240762     100 
0.0006033999961800873     150 
0.001248700005817227     200 
0.002601599997433368     300 
0.00457299999834504     500 
0.005350100000214297     750 
0.012245999998413026     1000 
0.016625500000372995     1800 
0.024811099996441044     2500 
0.08838359999936074     4000 
0.02593229999911273     2 
7.380000170087442e-05     3 
6.209999992279336e-05     5 
4.749999789055437e-05     7 
5.169999349163845e-05     10 
7.409999670926481e-05     12 
8.070000330917537e-05     15 
9.23000043258071e-05     20 
0.00011829999857582152     30 
0.0001412999990861863     40 
0.00031239999952958897     50 
0.0003966000003856607     70 
0.0004655999946407974     100 
0.0006463999961852096     150 
0.0008345000023837201     200 
0.0013902999999118038     300 
0.0033680999986245297     500 
0.012117799997213297     750 
0.007553100003860891     1000 
0.027418900004704483     1800 
0.023612400000274647     2500 
0.14690169999812497     4000 
0.017244700000446755     2 
4.459999763639644e-05     3 
3.8300000596791506e-05     5 
3.779999678954482e-05     7 
4.4699998397845775e-05     10 
5.070000042906031e-05     12 
6.269999721553177e-05     15 
7.410000398522243e-05     20 
9.870000212686136e-05     30 
0.00012260000221431255     40 
0.00014899999951012433     50 
0.00020039999799337238     70 
0.0002706000013859011     100 
0.0005023999983677641     150 
0.000621299994236324     200 
0.0009688999998616055     300 
0.0022596999988309108     500 
0.004729400003270712     750 
0.015050800000608433     1000 
0.023320400003285613     1800 
0.016491700000187848     2500 
0.03463989999727346     4000 
