Tiempo de calculo(s)   Tamaño matriz 
3.8300000596791506e-05     2 
3.6699999327538535e-05     3 
2.5099998310906813e-05     5 
4.579999949783087e-05     7 
4.2199997551506385e-05     10 
5.669999882229604e-05     12 
4.8099998821271583e-05     15 
5.570000212173909e-05     20 
7.60000002628658e-05     30 
9.250000221072696e-05     40 
0.00040160000207833946     50 
0.000487299999804236     70 
0.0005889000021852553     100 
0.0009613000001991168     150 
0.0010951000003842637     200 
0.002023900000494905     300 
0.003386500000488013     500 
0.006257400000322377     750 
0.009373700002470287     1000 
0.01627589999770862     1800 
0.026614600003085798     2500 
0.12235720000171568     4000 
0.10117970000283094     2 
0.00015520000306423753     3 
0.00023440000222763047     5 
0.0002982000005431473     7 
0.00022290000197244808     10 
0.00043849999929079786     12 
0.0003096999971603509     15 
0.00039649999962421134     20 
0.0007605999999213964     30 
0.0006509999984700698     40 
0.001253599999472499     50 
0.0015146000005188398     70 
0.0026825999993889127     100 
0.002676899999642046     150 
0.005204199998843251     200 
0.0077056000009179115     300 
0.018458700000337558     500 
0.022209899998415494     750 
0.03316650000124355     1000 
0.045997999997780425     1800 
0.014545099998940714     2500 
0.031756999997014645     4000 
0.026862500002607703     2 
4.190000254311599e-05     3 
3.5000000934815034e-05     5 
3.8399997720262036e-05     7 
4.319999789004214e-05     10 
5.160000000614673e-05     12 
9.249999857274815e-05     15 
6.589999975403771e-05     20 
9.069999941857532e-05     30 
0.00010300000212737359     40 
0.0004489999992074445     50 
0.0003825000021606684     70 
0.0005305000013322569     100 
0.0009279000005335547     150 
0.001280700002098456     200 
0.0024254999989352655     300 
0.004360900002211565     500 
0.007996899999852758     750 
0.01099659999817959     1000 
0.01959540000098059     1800 
0.05419229999824893     2500 
0.03643279999960214     4000 
0.03864840000096592     2 
6.120000034570694e-05     3 
5.500000042957254e-05     5 
9.100000170292333e-05     7 
6.430000212276354e-05     10 
7.929999992484227e-05     12 
0.00010140000085812062     15 
0.0005228999980317894     20 
0.000382099999114871     30 
0.00020280000171624124     40 
0.00047669999912614003     50 
0.0005619000003207475     70 
0.00073819999670377     100 
0.001014900000882335     150 
0.001321200001257239     200 
0.0023951000002853107     300 
0.0038413000002037734     500 
0.008275100000901148     750 
0.012488899999880232     1000 
0.02118960000007064     1800 
0.054165800000191666     2500 
0.039492099997005425     4000 
0.03134649999992689     2 
4.360000093583949e-05     3 
3.229999856557697e-05     5 
3.599999763537198e-05     7 
4.069999704370275e-05     10 
6.410000059986487e-05     12 
0.0001937000015459489     15 
0.00020279999807826243     20 
0.00018360000103712082     30 
0.00012419999984558672     40 
0.0005619000003207475     50 
0.0006242999988899101     70 
0.0010461999991093762     100 
0.001570799999171868     150 
0.0018318000002182089     200 
0.003475000001344597     300 
0.006298700001934776     500 
0.0078897000021243     750 
0.011056599996663863     1000 
0.02001889999883133     1800 
0.01768380000066827     2500 
0.029328100001293933     4000 
0.0337878999998793     2 
4.2599996959324926e-05     3 
3.460000152699649e-05     5 
3.749999814317562e-05     7 
4.410000110510737e-05     10 
4.9199999921256676e-05     12 
5.7699999160831794e-05     15 
8.349999916390516e-05     20 
0.00017020000086631626     30 
0.0003113000020675827     40 
0.00033199999961652793     50 
0.000527600001078099     70 
0.0005721000015910249     100 
0.0008649999981571455     150 
0.0012760999998135958     200 
0.00232759999926202     300 
0.004514399999607122     500 
0.00782690000050934     750 
0.013041500002145767     1000 
0.023245399999723304     1800 
0.01548950000142213     2500 
0.024343799999769544     4000 
0.030921500001568347     2 
4.540000009001233e-05     3 
3.769999966607429e-05     5 
4.070000068168156e-05     7 
4.520000220509246e-05     10 
6.890000076964498e-05     12 
7.059999916236848e-05     15 
0.0002080000012938399     20 
0.0002336999968974851     30 
0.0001205000007757917     40 
0.0004870999982813373     50 
0.0005413999970187433     70 
0.0007053000008454546     100 
0.0009744999988470227     150 
0.0012138000020058826     200 
0.002229900001111673     300 
0.004511800001637312     500 
0.007963499996549217     750 
0.010581999998976244     1000 
0.02168100000199047     1800 
0.022889800002303673     2500 
0.03932830000121612     4000 
0.035386299998208415     2 
5.2600000344682485e-05     3 
3.470000228844583e-05     5 
4.280000212020241e-05     7 
4.389999958220869e-05     10 
4.950000220560469e-05     12 
5.7999997807201e-05     15 
0.0002043999993475154     20 
0.00024510000002919696     30 
0.00033209999673999846     40 
0.0004670999987865798     50 
0.0005567000007431488     70 
0.0007346999991568737     100 
0.0009718000001157634     150 
0.0012753000009979587     200 
0.0023795000015525147     300 
0.004271499998139916     500 
0.009270399998058565     750 
0.010856599998078309     1000 
0.021863699999812525     1800 
0.018524300001445226     2500 
0.02815790000022389     4000 
0.036823400001594564     2 
4.239999907440506e-05     3 
3.2500000088475645e-05     5 
3.650000144261867e-05     7 
4.270000135875307e-05     10 
4.890000127488747e-05     12 
5.700000110664405e-05     15 
6.760000178474002e-05     20 
8.820000221021473e-05     30 
0.00010459999975864775     40 
0.0002863000008801464     50 
0.00038830000266898423     70 
0.0007109999969543424     100 
0.0010115000004589092     150 
0.0014841999982309062     200 
0.0029042999994999263     300 
0.0043704999989131466     500 
0.008152400001563365     750 
0.011581499999010703     1000 
0.01929060000111349     1800 
0.01824819999819738     2500 
0.026395499997306615     4000 
0.0253727000017534     2 
4.5000000682193786e-05     3 
3.7000001611886546e-05     5 
5.810000220662914e-05     7 
4.3300002289470285e-05     10 
6.219999704626389e-05     12 
0.00018989999807672575     15 
0.00019559999782359228     20 
0.0002159000032406766     30 
0.0002396000018052291     40 
0.00043060000098193996     50 
0.0005285000006551854     70 
0.0006809000005887356     100 
0.000796799999079667     150 
0.0012454999996407423     200 
0.0025700999976834282     300 
0.0043746999981522094     500 
0.00806390000070678     750 
0.011121200001070974     1000 
0.022360200000548502     1800 
0.016839100000652252     2500 
0.025058100000023842     4000 
0.020261400000890717     2 
5.109999983687885e-05     3 
3.7500001781154424e-05     5 
4.9700000090524554e-05     7 
4.9100002797786146e-05     10 
7.00999989931006e-05     12 
0.00021049999850220047     15 
0.000225800002226606     20 
0.00024080000002868474     30 
0.00013019999823882245     40 
0.0002697000018088147     50 
0.00033120000080089085     70 
0.0003887000020768028     100 
0.0004958999998052604     150 
0.0005939000002399553     200 
0.0011642000026768073     300 
0.0017191000006278045     500 
0.006341799999063369     750 
0.00608500000089407     1000 
0.015993699998944066     1800 
0.023613699999259552     2500 
0.02771950000169454     4000 
0.026268600002367748     2 
3.279999873484485e-05     3 
3.469999865046702e-05     5 
4.11000000895001e-05     7 
4.519999856711365e-05     10 
5.330000203684904e-05     12 
7.269999696291052e-05     15 
7.220000043162145e-05     20 
9.499999941908754e-05     30 
0.00011589999849093147     40 
0.00013970000145491213     50 
0.0001903000011225231     70 
0.00026219999926979654     100 
0.00046440000005532056     150 
0.0009204000016325153     200 
0.0010995000011462253     300 
0.00320099999953527     500 
0.007644199999049306     750 
0.00578980000136653     1000 
0.019264800001110416     1800 
0.027605799998127623     2500 
0.02678630000082194     4000 
0.06522450000193203     2 
9.789999967324547e-05     3 
0.00011600000289035961     5 
0.00011850000009872019     7 
0.00014199999714037403     10 
0.0001975999985006638     12 
0.00030789999800617807     15 
0.0002663000013853889     20 
0.0007398000016110018     30 
0.0004718999989563599     40 
0.0011570000024221372     50 
0.0014775999989069533     70 
0.0012734000010823365     100 
0.0017070999965653755     150 
0.004617799997504335     200 
0.00323009999920032     300 
0.005323100001987768     500 
0.012901500002044486     750 
0.021801200000481913     1000 
0.04005220000180998     1800 
0.01658300000053714     2500 
0.029407199999695877     4000 
0.033919800000148825     2 
5.619999865302816e-05     3 
7.280000136233866e-05     5 
5.0400001782691106e-05     7 
5.059999966761097e-05     10 
4.6200002543628216e-05     12 
6.660000144620426e-05     15 
6.180000127642415e-05     20 
8.159999924828298e-05     30 
9.950000094249845e-05     40 
0.00014280000323196873     50 
0.00016179999875021167     70 
0.00023940000028233044     100 
0.00036589999945135787     150 
0.000547200001165038     200 
0.0009444999996048864     300 
0.0034622000021045096     500 
0.006650200000876794     750 
0.006209899998793844     1000 
0.010105099998327205     1800 
0.01841170000261627     2500 
0.039794699998310534     4000 
0.016567999999097083     2 
4.8999998398358e-05     3 
3.499999729683623e-05     5 
3.82999969588127e-05     7 
8.119999984046444e-05     10 
6.169999687699601e-05     12 
6.860000212327577e-05     15 
0.00019099999917671084     20 
0.00021669999841833487     30 
0.00011649999942164868     40 
0.0002578999992692843     50 
0.00029230000291136093     70 
0.00035489999936544336     100 
0.0004604999994626269     150 
0.0007275999996636529     200 
0.001159600000391947     300 
0.003599799998482922     500 
0.007175200000347104     750 
0.01009199999680277     1000 
0.01647680000314722     1800 
0.02067900000110967     2500 
0.10557690000132425     4000 
0.06480070000179694     2 
0.00014170000213198364     3 
0.00016220000179600902     5 
0.0001660999987507239     7 
0.00015499999790336005     10 
0.000320099999953527     12 
0.0003226999979233369     15 
0.00038670000139973126     20 
0.00031120000130613334     30 
0.0003660000002128072     40 
0.0004303999994590413     50 
0.0008259999995061662     70 
0.000770799997553695     100 
0.001206500000989763     150 
0.006752900000719819     200 
0.0033083999987866264     300 
0.011701600000378676     500 
0.011755199997423915     750 
0.03473139999914565     1000 
0.04125190000195289     1800 
0.015948299998854054     2500 
0.037597300000925316     4000 
0.018965599996590754     2 
3.0399998649954796e-05     3 
3.2500000088475645e-05     5 
3.4500000765547156e-05     7 
4.119999721297063e-05     10 
9.490000229561701e-05     12 
7.510000068577938e-05     15 
0.0001604999997653067     20 
0.00010149999798159115     30 
0.00010380000094301067     40 
0.0001250000022992026     50 
0.0002449999992677476     70 
0.0002144999998563435     100 
0.0003391999998711981     150 
0.0005925999976170715     200 
0.0009028000022226479     300 
0.0027376999969419558     500 
0.00775939999948605     750 
0.009502099997916957     1000 
0.016192099999898346     1800 
0.016299399998388253     2500 
0.03770480000093812     4000 
0.03056290000313311     2 
3.690000085043721e-05     3 
3.680000008898787e-05     5 
4.570000237436034e-05     7 
4.70000013592653e-05     10 
6.150000263005495e-05     12 
6.310000026132911e-05     15 
7.109999933163635e-05     20 
9.389999831910245e-05     30 
0.00011380000069038942     40 
0.00014150000060908496     50 
0.00018739999723038636     70 
0.00025009999808389693     100 
0.0005423000002338085     150 
0.0014273000015236903     200 
0.0010542000018176623     300 
0.002505700002075173     500 
0.004992999998648884     750 
0.00647699999899487     1000 
0.009229499999491964     1800 
0.01646479999908479     2500 
0.09885700000086217     4000 
0.09125539999877219     2 
9.4600000011269e-05     3 
9.32000002649147e-05     5 
0.00010570000085863285     7 
0.00012349999815342017     10 
0.001190799997857539     12 
0.0004987000029359479     15 
0.00021179999748710543     20 
0.00028300000121816993     30 
0.0007316999981412664     40 
0.001113700000132667     50 
0.001027599999360973     70 
0.000787799999670824     100 
0.0015676999973948114     150 
0.0019554999998945277     200 
0.003115399998932844     300 
0.005752299999585375     500 
0.031092000001081033     750 
0.02892939999946975     1000 
0.034002399999735644     1800 
0.05058570000255713     2500 
0.029017799999564886     4000 
0.031723000000056345     2 
3.029999788850546e-05     3 
3.119999746559188e-05     5 
3.479999941191636e-05     7 
4.160000025876798e-05     10 
7.759999789413996e-05     12 
9.510000018053688e-05     15 
6.7299999500392e-05     20 
8.579999848734587e-05     30 
0.00010180000026593916     40 
0.00012729999798466451     50 
0.00015890000213403255     70 
0.00020950000180164352     100 
0.00048129999777302146     150 
0.0005548000008275267     200 
0.0008779999989201315     300 
0.0016605999990133569     500 
0.0034679999989748467     750 
0.008304099999804748     1000 
0.009555699998600176     1800 
0.01662170000054175     2500 
0.03132779999941704     4000 
0.02881599999818718     2 
3.1600000511389226e-05     3 
3.6200002796249464e-05     5 
3.9200000173877925e-05     7 
4.499999704421498e-05     10 
6.479999865405262e-05     12 
7.550000009359792e-05     15 
0.00014790000204811804     20 
0.000243800001044292     30 
0.0002657000004546717     40 
0.00028649999876506627     50 
0.0003346999983477872     70 
0.00039799999649403617     100 
0.0007905000020400621     150 
0.0008221000025514513     200 
0.0012076999992132187     300 
0.003533600000082515     500 
0.008430099998804508     750 
0.006370800001604948     1000 
0.0158134000012069     1800 
0.017704900001263013     2500 
0.025901600001816405     4000 
0.033772200000385055     2 
4.189999890513718e-05     3 
4.189999890513718e-05     5 
4.640000042854808e-05     7 
5.450000026030466e-05     10 
7.639999967068434e-05     12 
8.610000077169389e-05     15 
0.0002502999996067956     20 
0.00027490000138641335     30 
0.0002987000007124152     40 
0.00032170000122278     50 
0.0003781000013987068     70 
0.0007983000032254495     100 
0.0010875999978452455     150 
0.0016819999982544687     200 
0.0025902999987010844     300 
0.004211799998302013     500 
0.0036670000008598436     750 
0.005875200000446057     1000 
0.017692800000077114     1800 
0.026731499998277286     2500 
0.03625580000152695     4000 
0.016651900001306785     2 
3.2199997804127634e-05     3 
3.220000144210644e-05     5 
3.609999839682132e-05     7 
4.169999738223851e-05     10 
5.650000093737617e-05     12 
5.3499999921768904e-05     15 
6.6999997216044e-05     20 
8.750000051804818e-05     30 
0.00010579999798210338     40 
0.0001292000015382655     50 
0.00017799999841372482     70 
0.00023019999935058877     100 
0.0003733000012289267     150 
0.0006439999997382984     200 
0.0011360999997123145     300 
0.0030611999973189086     500 
0.006545200001710327     750 
0.0061736999996355735     1000 
0.010595899999316316     1800 
0.017948100001376588     2500 
0.03249670000150218     4000 
0.04375389999768231     2 
7.699999696342275e-05     3 
0.00011640000229817815     5 
8.510000043315813e-05     7 
7.429999823216349e-05     10 
0.00018139999883715063     12 
0.0001100999979826156     15 
0.00044830000115325674     20 
0.0004915999998047482     30 
0.00023689999943599105     40 
0.0004965999978594482     50 
0.0004990999987057876     70 
0.0009939999981725123     100 
0.0009467999989283271     150 
0.0020072999977855943     200 
0.001803200000722427     300 
0.0053716000002168585     500 
0.008186499999283114     750 
0.006102200000896119     1000 
0.010626600000250619     1800 
0.03079510000316077     2500 
0.028262700001505436     4000 
0.025683800002298085     2 
4.329999865149148e-05     3 
4.0099999750964344e-05     5 
3.609999839682132e-05     7 
4.27999984822236e-05     10 
4.8800000513438135e-05     12 
7.550000009359792e-05     15 
8.910000178730115e-05     20 
0.00021010000273236074     30 
0.00024049999774433672     40 
0.0002935999982582871     50 
0.0004904000015812926     70 
0.0006003999988024589     100 
0.0008858000001055188     150 
0.0006666000008408446     200 
0.0010403000014775898     300 
0.001893600001494633     500 
0.008152599999448285     750 
0.014832700002443744     1000 
0.01111029999810853     1800 
0.023045299996738322     2500 
0.03689299999678042     4000 
0.027254399999947054     2 
5.2999999752501026e-05     3 
7.089999780873768e-05     5 
0.0001201999984914437     7 
0.00014229999942472205     10 
0.00020090000180061907     12 
0.00012509999942267314     15 
0.00014480000027106144     20 
0.0002001999964704737     30 
0.00024299999859067611     40 
0.0006565000003320165     50 
0.00045619999946211465     70 
0.0005730000011681113     100 
0.0008152000009431504     150 
0.0012609000004886184     200 
0.003312600001663668     300 
0.004562199999782024     500 
0.00881660000231932     750 
0.010752999998658197     1000 
0.023229900001751957     1800 
0.03402900000219233     2500 
0.05502870000054827     4000 
0.022492299998702947     2 
4.709999848273583e-05     3 
4.030000127386302e-05     5 
4.389999958220869e-05     7 
5.020000025979243e-05     10 
5.869999949936755e-05     12 
6.7299999500392e-05     15 
7.94000006862916e-05     20 
0.00021699999706470408     30 
0.0001446999995096121     40 
0.0003097000007983297     50 
0.0003644999997050036     70 
0.0004761000018334016     100 
0.0005918999995628837     150 
0.0008832000021357089     200 
0.0013135000008333009     300 
0.0033564000004844274     500 
0.0038572000012209173     750 
0.006185999998706393     1000 
0.011143000003357884     1800 
0.027632000001176493     2500 
0.16209929999968153     4000 
0.029663400000572437     2 
6.189999839989468e-05     3 
6.909999865456484e-05     5 
4.690000059781596e-05     7 
7.32000007701572e-05     10 
0.0001049999991664663     12 
0.00010869999823626131     15 
0.0001334000007773284     20 
0.00017889999799081124     30 
0.0003375999986019451     40 
0.00015700000221841037     50 
0.0002144999998563435     70 
0.00028759999986505136     100 
0.0005564999992202502     150 
0.0007145000017771963     200 
0.0017813999984355178     300 
0.0019505000018398277     500 
0.008101100000203587     750 
0.005689300000085495     1000 
0.010146100001293235     1800 
0.015936199997668155     2500 
0.025882499998260755     4000 
0.030079799998929957     2 
5.020000025979243e-05     3 
5.249999958323315e-05     5 
0.00012539999806904234     7 
5.6000000768108293e-05     10 
7.829999958630651e-05     12 
9.919999865815043e-05     15 
0.0002686000007088296     20 
0.0003829000015684869     30 
0.0003099999994446989     40 
0.00034579999919515103     50 
0.00039850000030128285     70 
0.0004726000006485265     100 
0.0006138999997347128     150 
0.0016312000007019378     200 
0.0031587000012223143     300 
0.004452199998922879     500 
0.008287699998618336     750 
0.006212500000401633     1000 
0.02194199999939883     1800 
0.029520600000978447     2500 
0.10694749999674968     4000 
0.027469799999380484     2 
3.719999949680641e-05     3 
3.5400000342633575e-05     5 
4.0000002627493814e-05     7 
4.9100002797786146e-05     10 
5.330000203684904e-05     12 
6.209999992279336e-05     15 
7.280000136233866e-05     20 
9.989999671233818e-05     30 
0.00012369999967631884     40 
0.0003006000006280374     50 
0.00019949999841628596     70 
0.0003570000008039642     100 
0.0004161000033491291     150 
0.000684200000250712     200 
0.0015681000004406087     300 
0.0019107000007352326     500 
0.003926100001990562     750 
0.017733900000166614     1000 
0.012424500000633998     1800 
0.020024400000693277     2500 
0.04853390000062063     4000 
3.8300000596791506e-05     2 
3.6699999327538535e-05     3 
2.5099998310906813e-05     5 
4.579999949783087e-05     7 
4.2199997551506385e-05     10 
5.669999882229604e-05     12 
4.8099998821271583e-05     15 
5.570000212173909e-05     20 
7.60000002628658e-05     30 
9.250000221072696e-05     40 
0.00040160000207833946     50 
0.000487299999804236     70 
0.0005889000021852553     100 
0.0009613000001991168     150 
0.0010951000003842637     200 
0.002023900000494905     300 
0.003386500000488013     500 
0.006257400000322377     750 
0.009373700002470287     1000 
0.01627589999770862     1800 
0.026614600003085798     2500 
0.12235720000171568     4000 
0.10117970000283094     2 
0.00015520000306423753     3 
0.00023440000222763047     5 
0.0002982000005431473     7 
0.00022290000197244808     10 
0.00043849999929079786     12 
0.0003096999971603509     15 
0.00039649999962421134     20 
0.0007605999999213964     30 
0.0006509999984700698     40 
0.001253599999472499     50 
0.0015146000005188398     70 
0.0026825999993889127     100 
0.002676899999642046     150 
0.005204199998843251     200 
0.0077056000009179115     300 
0.018458700000337558     500 
0.022209899998415494     750 
0.03316650000124355     1000 
0.045997999997780425     1800 
0.014545099998940714     2500 
0.031756999997014645     4000 
0.026862500002607703     2 
4.190000254311599e-05     3 
3.5000000934815034e-05     5 
3.8399997720262036e-05     7 
4.319999789004214e-05     10 
5.160000000614673e-05     12 
9.249999857274815e-05     15 
6.589999975403771e-05     20 
9.069999941857532e-05     30 
0.00010300000212737359     40 
0.0004489999992074445     50 
0.0003825000021606684     70 
0.0005305000013322569     100 
0.0009279000005335547     150 
0.001280700002098456     200 
0.0024254999989352655     300 
0.004360900002211565     500 
0.007996899999852758     750 
0.01099659999817959     1000 
0.01959540000098059     1800 
0.05419229999824893     2500 
0.03643279999960214     4000 
0.03864840000096592     2 
6.120000034570694e-05     3 
5.500000042957254e-05     5 
9.100000170292333e-05     7 
6.430000212276354e-05     10 
7.929999992484227e-05     12 
0.00010140000085812062     15 
0.0005228999980317894     20 
0.000382099999114871     30 
0.00020280000171624124     40 
0.00047669999912614003     50 
0.0005619000003207475     70 
0.00073819999670377     100 
0.001014900000882335     150 
0.001321200001257239     200 
0.0023951000002853107     300 
0.0038413000002037734     500 
0.008275100000901148     750 
0.012488899999880232     1000 
0.02118960000007064     1800 
0.054165800000191666     2500 
0.039492099997005425     4000 
0.03134649999992689     2 
4.360000093583949e-05     3 
3.229999856557697e-05     5 
3.599999763537198e-05     7 
4.069999704370275e-05     10 
6.410000059986487e-05     12 
0.0001937000015459489     15 
0.00020279999807826243     20 
0.00018360000103712082     30 
0.00012419999984558672     40 
0.0005619000003207475     50 
0.0006242999988899101     70 
0.0010461999991093762     100 
0.001570799999171868     150 
0.0018318000002182089     200 
0.003475000001344597     300 
0.006298700001934776     500 
0.0078897000021243     750 
0.011056599996663863     1000 
0.02001889999883133     1800 
0.01768380000066827     2500 
0.029328100001293933     4000 
0.0337878999998793     2 
4.2599996959324926e-05     3 
3.460000152699649e-05     5 
3.749999814317562e-05     7 
4.410000110510737e-05     10 
4.9199999921256676e-05     12 
5.7699999160831794e-05     15 
8.349999916390516e-05     20 
0.00017020000086631626     30 
0.0003113000020675827     40 
0.00033199999961652793     50 
0.000527600001078099     70 
0.0005721000015910249     100 
0.0008649999981571455     150 
0.0012760999998135958     200 
0.00232759999926202     300 
0.004514399999607122     500 
0.00782690000050934     750 
0.013041500002145767     1000 
0.023245399999723304     1800 
0.01548950000142213     2500 
0.024343799999769544     4000 
0.030921500001568347     2 
4.540000009001233e-05     3 
3.769999966607429e-05     5 
4.070000068168156e-05     7 
4.520000220509246e-05     10 
6.890000076964498e-05     12 
7.059999916236848e-05     15 
0.0002080000012938399     20 
0.0002336999968974851     30 
0.0001205000007757917     40 
0.0004870999982813373     50 
0.0005413999970187433     70 
0.0007053000008454546     100 
0.0009744999988470227     150 
0.0012138000020058826     200 
0.002229900001111673     300 
0.004511800001637312     500 
0.007963499996549217     750 
0.010581999998976244     1000 
0.02168100000199047     1800 
0.022889800002303673     2500 
0.03932830000121612     4000 
0.035386299998208415     2 
5.2600000344682485e-05     3 
3.470000228844583e-05     5 
4.280000212020241e-05     7 
4.389999958220869e-05     10 
4.950000220560469e-05     12 
5.7999997807201e-05     15 
0.0002043999993475154     20 
0.00024510000002919696     30 
0.00033209999673999846     40 
0.0004670999987865798     50 
0.0005567000007431488     70 
0.0007346999991568737     100 
0.0009718000001157634     150 
0.0012753000009979587     200 
0.0023795000015525147     300 
0.004271499998139916     500 
0.009270399998058565     750 
0.010856599998078309     1000 
0.021863699999812525     1800 
0.018524300001445226     2500 
0.02815790000022389     4000 
0.036823400001594564     2 
4.239999907440506e-05     3 
3.2500000088475645e-05     5 
3.650000144261867e-05     7 
4.270000135875307e-05     10 
4.890000127488747e-05     12 
5.700000110664405e-05     15 
6.760000178474002e-05     20 
8.820000221021473e-05     30 
0.00010459999975864775     40 
0.0002863000008801464     50 
0.00038830000266898423     70 
0.0007109999969543424     100 
0.0010115000004589092     150 
0.0014841999982309062     200 
0.0029042999994999263     300 
0.0043704999989131466     500 
0.008152400001563365     750 
0.011581499999010703     1000 
0.01929060000111349     1800 
0.01824819999819738     2500 
0.026395499997306615     4000 
0.0253727000017534     2 
4.5000000682193786e-05     3 
3.7000001611886546e-05     5 
5.810000220662914e-05     7 
4.3300002289470285e-05     10 
6.219999704626389e-05     12 
0.00018989999807672575     15 
0.00019559999782359228     20 
0.0002159000032406766     30 
0.0002396000018052291     40 
0.00043060000098193996     50 
0.0005285000006551854     70 
0.0006809000005887356     100 
0.000796799999079667     150 
0.0012454999996407423     200 
0.0025700999976834282     300 
0.0043746999981522094     500 
0.00806390000070678     750 
0.011121200001070974     1000 
0.022360200000548502     1800 
0.016839100000652252     2500 
0.025058100000023842     4000 
0.020261400000890717     2 
5.109999983687885e-05     3 
3.7500001781154424e-05     5 
4.9700000090524554e-05     7 
4.9100002797786146e-05     10 
7.00999989931006e-05     12 
0.00021049999850220047     15 
0.000225800002226606     20 
0.00024080000002868474     30 
0.00013019999823882245     40 
0.0002697000018088147     50 
0.00033120000080089085     70 
0.0003887000020768028     100 
0.0004958999998052604     150 
0.0005939000002399553     200 
0.0011642000026768073     300 
0.0017191000006278045     500 
0.006341799999063369     750 
0.00608500000089407     1000 
0.015993699998944066     1800 
0.023613699999259552     2500 
0.02771950000169454     4000 
0.026268600002367748     2 
3.279999873484485e-05     3 
3.469999865046702e-05     5 
4.11000000895001e-05     7 
4.519999856711365e-05     10 
5.330000203684904e-05     12 
7.269999696291052e-05     15 
7.220000043162145e-05     20 
9.499999941908754e-05     30 
0.00011589999849093147     40 
0.00013970000145491213     50 
0.0001903000011225231     70 
0.00026219999926979654     100 
0.00046440000005532056     150 
0.0009204000016325153     200 
0.0010995000011462253     300 
0.00320099999953527     500 
0.007644199999049306     750 
0.00578980000136653     1000 
0.019264800001110416     1800 
0.027605799998127623     2500 
0.02678630000082194     4000 
0.06522450000193203     2 
9.789999967324547e-05     3 
0.00011600000289035961     5 
0.00011850000009872019     7 
0.00014199999714037403     10 
0.0001975999985006638     12 
0.00030789999800617807     15 
0.0002663000013853889     20 
0.0007398000016110018     30 
0.0004718999989563599     40 
0.0011570000024221372     50 
0.0014775999989069533     70 
0.0012734000010823365     100 
0.0017070999965653755     150 
0.004617799997504335     200 
0.00323009999920032     300 
0.005323100001987768     500 
0.012901500002044486     750 
0.021801200000481913     1000 
0.04005220000180998     1800 
0.01658300000053714     2500 
0.029407199999695877     4000 
0.033919800000148825     2 
5.619999865302816e-05     3 
7.280000136233866e-05     5 
5.0400001782691106e-05     7 
5.059999966761097e-05     10 
4.6200002543628216e-05     12 
6.660000144620426e-05     15 
6.180000127642415e-05     20 
8.159999924828298e-05     30 
9.950000094249845e-05     40 
0.00014280000323196873     50 
0.00016179999875021167     70 
0.00023940000028233044     100 
0.00036589999945135787     150 
0.000547200001165038     200 
0.0009444999996048864     300 
0.0034622000021045096     500 
0.006650200000876794     750 
0.006209899998793844     1000 
0.010105099998327205     1800 
0.01841170000261627     2500 
0.039794699998310534     4000 
0.016567999999097083     2 
4.8999998398358e-05     3 
3.499999729683623e-05     5 
3.82999969588127e-05     7 
8.119999984046444e-05     10 
6.169999687699601e-05     12 
6.860000212327577e-05     15 
0.00019099999917671084     20 
0.00021669999841833487     30 
0.00011649999942164868     40 
0.0002578999992692843     50 
0.00029230000291136093     70 
0.00035489999936544336     100 
0.0004604999994626269     150 
0.0007275999996636529     200 
0.001159600000391947     300 
0.003599799998482922     500 
0.007175200000347104     750 
0.01009199999680277     1000 
0.01647680000314722     1800 
0.02067900000110967     2500 
0.10557690000132425     4000 
0.06480070000179694     2 
0.00014170000213198364     3 
0.00016220000179600902     5 
0.0001660999987507239     7 
0.00015499999790336005     10 
0.000320099999953527     12 
0.0003226999979233369     15 
0.00038670000139973126     20 
0.00031120000130613334     30 
0.0003660000002128072     40 
0.0004303999994590413     50 
0.0008259999995061662     70 
0.000770799997553695     100 
0.001206500000989763     150 
0.006752900000719819     200 
0.0033083999987866264     300 
0.011701600000378676     500 
0.011755199997423915     750 
0.03473139999914565     1000 
0.04125190000195289     1800 
0.015948299998854054     2500 
0.037597300000925316     4000 
0.018965599996590754     2 
3.0399998649954796e-05     3 
3.2500000088475645e-05     5 
3.4500000765547156e-05     7 
4.119999721297063e-05     10 
9.490000229561701e-05     12 
7.510000068577938e-05     15 
0.0001604999997653067     20 
0.00010149999798159115     30 
0.00010380000094301067     40 
0.0001250000022992026     50 
0.0002449999992677476     70 
0.0002144999998563435     100 
0.0003391999998711981     150 
0.0005925999976170715     200 
0.0009028000022226479     300 
0.0027376999969419558     500 
0.00775939999948605     750 
0.009502099997916957     1000 
0.016192099999898346     1800 
0.016299399998388253     2500 
0.03770480000093812     4000 
0.03056290000313311     2 
3.690000085043721e-05     3 
3.680000008898787e-05     5 
4.570000237436034e-05     7 
4.70000013592653e-05     10 
6.150000263005495e-05     12 
6.310000026132911e-05     15 
7.109999933163635e-05     20 
9.389999831910245e-05     30 
0.00011380000069038942     40 
0.00014150000060908496     50 
0.00018739999723038636     70 
0.00025009999808389693     100 
0.0005423000002338085     150 
0.0014273000015236903     200 
0.0010542000018176623     300 
0.002505700002075173     500 
0.004992999998648884     750 
0.00647699999899487     1000 
0.009229499999491964     1800 
0.01646479999908479     2500 
0.09885700000086217     4000 
0.09125539999877219     2 
9.4600000011269e-05     3 
9.32000002649147e-05     5 
0.00010570000085863285     7 
0.00012349999815342017     10 
0.001190799997857539     12 
0.0004987000029359479     15 
0.00021179999748710543     20 
0.00028300000121816993     30 
0.0007316999981412664     40 
0.001113700000132667     50 
0.001027599999360973     70 
0.000787799999670824     100 
0.0015676999973948114     150 
0.0019554999998945277     200 
0.003115399998932844     300 
0.005752299999585375     500 
0.031092000001081033     750 
0.02892939999946975     1000 
0.034002399999735644     1800 
0.05058570000255713     2500 
0.029017799999564886     4000 
0.031723000000056345     2 
3.029999788850546e-05     3 
3.119999746559188e-05     5 
3.479999941191636e-05     7 
4.160000025876798e-05     10 
7.759999789413996e-05     12 
9.510000018053688e-05     15 
6.7299999500392e-05     20 
8.579999848734587e-05     30 
0.00010180000026593916     40 
0.00012729999798466451     50 
0.00015890000213403255     70 
0.00020950000180164352     100 
0.00048129999777302146     150 
0.0005548000008275267     200 
0.0008779999989201315     300 
0.0016605999990133569     500 
0.0034679999989748467     750 
0.008304099999804748     1000 
0.009555699998600176     1800 
0.01662170000054175     2500 
0.03132779999941704     4000 
0.03016560000105528     2 
3.199999991920777e-05     3 
3.3799999073380604e-05     5 
4.059999992023222e-05     7 
4.9199999921256676e-05     10 
0.00010120000297320075     12 
0.00012680000145337544     15 
0.00031429999944521114     20 
0.00011660000018309802     30 
0.00012450000212993473     40 
0.000148899998748675     50 
0.0003211999974155333     70 
0.0003901999989466276     100 
0.0005075999979453627     150 
0.0008916000006138347     200 
0.0011623999998846557     300 
0.0019690000008267816     500 
0.00848279999991064     750 
0.005984699997497955     1000 
0.011290699996607145     1800 
0.056580500000563916     2500 
0.026910399999906076     4000 
0.019523799997841706     2 
2.800000220304355e-05     3 
2.809999932651408e-05     5 
3.5400000342633575e-05     7 
3.65999985660892e-05     10 
4.319999789004214e-05     12 
4.8800000513438135e-05     15 
5.909999890718609e-05     20 
7.810000170138665e-05     30 
9.549999958835542e-05     40 
0.00011629999789875001     50 
0.0001556999995955266     70 
0.000283499997749459     100 
0.00032669999927747995     150 
0.0005426000025181565     200 
0.0017589999988558702     300 
0.0015662000005249865     500 
0.0069284000019251835     750 
0.005339600000297651     1000 
0.02094279999801074     1800 
0.018362899998464854     2500 
0.03791409999757889     4000 
0.03454219999912311     2 
3.3299998904112726e-05     3 
3.4599997889017686e-05     5 
5.210000017541461e-05     7 
5.8900001022266224e-05     10 
7.529999857069924e-05     12 
9.089999730349518e-05     15 
8.800000068731606e-05     20 
0.00010060000204248354     30 
0.00012339999739197083     40 
0.00030390000029001385     50 
0.00020199999926262535     70 
0.0002877999977499712     100 
0.0004122000027564354     150 
0.0007301000005099922     200 
0.001217299999552779     300 
0.0019506999997247476     500 
0.0046139999976730905     750 
0.006378399997629458     1000 
0.011691799998516217     1800 
0.01607059999878402     2500 
0.0895081000016944     4000 
0.09096649999992223     2 
9.330000102636404e-05     3 
8.919999891077168e-05     5 
0.00010010000187321566     7 
0.0001216000018757768     10 
0.00015390000044135377     12 
0.00017389999993611127     15 
0.0002077999997709412     20 
0.0005874999988009222     30 
0.0003338000024086796     40 
0.0010937000006379094     50 
0.0011833000025944784     70 
0.0021450999993248843     100 
0.0014491000001726206     150 
0.002442599998175865     200 
0.0035726999994949438     300 
0.009470999997574836     500 
0.011009300000296207     750 
0.03758419999940088     1000 
0.03533969999989495     1800 
0.05580490000284044     2500 
0.027387499998440035     4000 
0.020266100000299048     2 
3.310000101919286e-05     3 
3.3200001780642197e-05     5 
3.740000101970509e-05     7 
4.270000135875307e-05     10 
6.149999899207614e-05     12 
6.930000017746352e-05     15 
0.00019350000002305023     20 
0.00022430000171880238     30 
0.00024219999977503903     40 
0.0002539999986765906     50 
0.00029039999935775995     70 
0.00035289999868837185     100 
0.00045360000149230473     150 
0.0007248000001709443     200 
0.0010697000034269877     300 
0.001603200002136873     500 
0.005909100000280887     750 
0.005333400000381516     1000 
0.01352249999763444     1800 
0.03158389999953215     2500 
0.05152349999843864     4000 
0.02479249999669264     2 
3.3799999073380604e-05     3 
4.0099999750964344e-05     5 
5.529999907594174e-05     7 
5.2699997468153015e-05     10 
7.74000000092201e-05     12 
8.55999969644472e-05     15 
0.00024589999884483404     20 
0.00027259999842499383     30 
0.0002310999989276752     40 
0.0003359000002092216     50 
0.00039000000106170774     70 
0.000505299998621922     100 
0.000525699997524498     150 
0.0010590000019874424     200 
0.0021346000030462164     300 
0.003840699999273056     500 
0.0041772999975364655     750 
0.008819800001219846     1000 
0.02357560000018566     1800 
0.01805919999969774     2500 
0.0926132000022335     4000 
0.06444749999718624     2 
9.249999857274815e-05     3 
0.0001007999999274034     5 
0.00017380000281264074     7 
0.00013889999900129624     10 
0.00015409999832627364     12 
0.0001823999991756864     15 
0.0002303000001120381     20 
0.000278199997410411     30 
0.0003391999998711981     40 
0.0007328000028792303     50 
0.0006586999988940079     70 
0.0009341000004496891     100 
0.0013345000006665941     150 
0.0041203000000678     200 
0.004071200000907993     300 
0.010991300001478521     500 
0.02172450000216486     750 
0.03882590000284836     1000 
0.0334316000007675     1800 
0.014184999999997672     2500 
0.03255679999710992     4000 
0.02820150000115973     2 
4.1300001612398773e-05     3 
3.870000000461005e-05     5 
4.3399999412940815e-05     7 
4.959999932907522e-05     10 
6.919999941601418e-05     12 
7.65999975556042e-05     15 
0.000262100002146326     20 
0.0002891999974963255     30 
0.0002722999997786246     40 
0.00028840000231866725     50 
0.00033059999987017363     70 
0.0004181000003882218     100 
0.000561500000912929     150 
0.0016548000021430198     200 
0.0013135000008333009     300 
0.0021355999997467734     500 
0.004991899997548899     750 
0.005655500001012115     1000 
0.011055899998609675     1800 
0.019088999997620704     2500 
0.036793299997953     4000 
0.031674200003180886     2 
3.550000110408291e-05     3 
3.4199998481199145e-05     5 
3.840000135824084e-05     7 
4.690000059781596e-05     10 
5.080000119050965e-05     12 
7.43000018701423e-05     15 
7.040000127744861e-05     20 
9.080000018002465e-05     30 
0.00011180000001331791     40 
0.0002597999991849065     50 
0.00019270000120741315     70 
0.0002511000020604115     100 
0.00038920000224607065     150 
0.0006936999998288229     200 
0.001131199998781085     300 
0.0021100000012665987     500 
0.007546500000898959     750 
0.0068049000001337845     1000 
0.016012200001569     1800 
0.032770999998319894     2500 
0.13066629999957513     4000 
0.09116740000172285     2 
0.0001097999993362464     3 
0.00010929999916697852     5 
0.00011409999933675863     7 
0.0001233000002685003     10 
0.00014930000179447234     12 
0.00020359999689389952     15 
0.0002125000028172508     20 
0.00028639999800361693     30 
0.0003915999986929819     40 
0.0007213000026240479     50 
0.0008500999974785373     70 
0.001212300001498079     100 
0.0011811000003945082     150 
0.0019389999979466666     200 
0.0030778999971516896     300 
0.005525900000066031     500 
0.017716399997880217     750 
0.016850500000145985     1000 
0.037900200000876794     1800 
0.0152741000019887     2500 
0.03818609999871114     4000 
0.029976300000271294     2 
3.269999797339551e-05     3 
3.7000001611886546e-05     5 
4.220000118948519e-05     7 
4.569999873638153e-05     10 
6.680000296910293e-05     12 
7.379999806289561e-05     15 
8.53000019560568e-05     20 
0.0002333999982511159     30 
0.0001274999995075632     40 
0.0002727999999478925     50 
0.0003190000024915207     70 
0.0004155999995418824     100 
0.0005428000004030764     150 
0.0008061999978963286     200 
0.0010133000032510608     300 
0.001979700002266327     500 
0.005360600000130944     750 
0.0068965999998908956     1000 
0.009580699999787612     1800 
0.018048100002488354     2500 
0.03304859999843757     4000 
0.024634499997773673     2 
3.510000169626437e-05     3 
3.730000025825575e-05     5 
4.13999987358693e-05     7 
4.909999915980734e-05     10 
5.500000042957254e-05     12 
6.429999848478474e-05     15 
8.850000085658394e-05     20 
0.00025749999986146577     30 
0.00013970000145491213     40 
0.00014830000145593658     50 
0.00020899999799439684     70 
0.0002724999976635445     100 
0.00045139999929233454     150 
0.0006901000015204772     200 
0.0011481000001367647     300 
0.004257799999322742     500 
0.00627389999863226     750 
0.005873599999176804     1000 
0.011167900000145892     1800 
0.018197400000644848     2500 
0.09377679999670363     4000 
0.06014640000284999     2 
9.549999958835542e-05     3 
0.00010480000128154643     5 
0.00012459999925340526     7 
0.0001350999991700519     10 
0.0001483999985794071     12 
0.0001726000009512063     15 
0.00020790000053239055     20 
0.0002735999987635296     30 
0.0003371999991941266     40 
0.0004998000003979541     50 
0.0005674000021826942     70 
0.0008488999992550816     100 
0.0013041000020166393     150 
0.0019399000011617318     200 
0.003119100001640618     300 
0.005385299999034032     500 
0.011873999999806983     750 
0.025034800000867108     1000 
0.03250730000218027     1800 
0.017242499998246785     2500 
0.031800200002180645     4000 
0.037203300002147444     2 
4.3300002289470285e-05     3 
4.119999721297063e-05     5 
4.1200000850949436e-05     7 
4.640000042854808e-05     10 
0.00016880000111996196     12 
6.239999856916256e-05     15 
7.700000060140155e-05     20 
9.919999865815043e-05     30 
0.00012209999840706587     40 
0.00026050000087707303     50 
0.0003079000016441569     70 
0.00038080000012996607     100 
0.0004997000032744836     150 
0.0015960999990056735     200 
0.001297099999646889     300 
0.0019286999995529186     500 
0.008572799997637048     750 
0.006802399999287445     1000 
0.018507200002204627     1800 
0.024789499999315012     2500 
0.030462599999736995     4000 
0.037921499999356456     2 
3.870000000461005e-05     3 
3.890000152750872e-05     5 
4.400000034365803e-05     7 
5.439999949885532e-05     10 
7.060000280034728e-05     12 
0.0001573999979882501     15 
0.00019069999689236283     20 
0.0002418000003672205     30 
0.00013750000289292075     40 
0.0003208999987691641     50 
0.0003634999993664678     70 
0.0005340999996406026     100 
0.0007990000012796372     150 
0.0007145000017771963     200 
0.001198800000565825     300 
0.002064300002530217     500 
0.004156399998464622     750 
0.005580199998803437     1000 
0.011861399998451816     1800 
0.05641790000299807     2500 
0.029011200000240933     4000 
0.015814000002137618     2 
2.5200002710334957e-05     3 
3.2500000088475645e-05     5 
2.8399997972883284e-05     7 
3.3399999665562063e-05     10 
4.0800001443130895e-05     12 
4.909999915980734e-05     15 
5.6400000175926834e-05     20 
7.589999950141646e-05     30 
9.14999982342124e-05     40 
0.00020079999740119092     50 
0.00023190000138129108     70 
0.00028810000003431924     100 
0.00038610000046901405     150 
0.0007089999999152496     200 
0.0010012000020651612     300 
0.0015372999987448566     500 
0.003049699997063726     750 
0.004777399997692555     1000 
0.010394900000392227     1800 
0.019069999998464482     2500 
0.02916460000051302     4000 
0.013891700000385754     2 
3.420000211917795e-05     3 
3.909999941242859e-05     5 
4.269999772077426e-05     7 
5.03999981447123e-05     10 
5.6000000768108293e-05     12 
8.760000127949752e-05     15 
7.890000051702373e-05     20 
0.00010429999747429974     30 
0.0001269999993382953     40 
0.00017049999951268546     50 
0.000234800001635449     70 
0.00027179999960935675     100 
0.00046909999946365133     150 
0.0007192000011855271     200 
0.0023748999992676545     300 
0.002071899998554727     500 
0.005183400000532856     750 
0.010604399998555891     1000 
0.011382300002878765     1800 
0.019114499998977408     2500 
0.12134340000193333     4000 
0.020916900000884198     2 
3.769999966607429e-05     3 
6.0500002291519195e-05     5 
4.959999932907522e-05     7 
5.7999997807201e-05     10 
6.740000026184134e-05     12 
6.86999992467463e-05     15 
8.100000195554458e-05     20 
0.00010549999933573417     30 
0.00013100000069243833     40 
0.00015079999866429716     50 
0.0002055000004475005     70 
0.00035290000232635066     100 
0.00042329999996582046     150 
0.0009457999985897914     200 
0.0011398000024200883     300 
0.00334139999904437     500 
0.008354099998541642     750 
0.01744239999970887     1000 
0.04169739999997546     1800 
0.041720400000485824     2500 
0.03409930000270833     4000 
0.03152030000273953     2 
3.220000144210644e-05     3 
3.680000008898787e-05     5 
3.840000135824084e-05     7 
8.069999967119657e-05     10 
4.6299999667098746e-05     12 
5.3400002798298374e-05     15 
6.360000043059699e-05     20 
8.420000085607171e-05     30 
0.0001019000010273885     40 
0.00012429999696905725     50 
0.00016790000154287554     70 
0.00022530000205733813     100 
0.0003699000008055009     150 
0.0005669000020134263     200 
0.0008965000015450642     300 
0.001717099999950733     500 
0.007162199999584118     750 
0.0067999000020790845     1000 
0.010264000000461238     1800 
0.016494999999849824     2500 
0.03229950000240933     4000 
0.031473700000788085     2 
3.279999873484485e-05     3 
3.49000001733657e-05     5 
3.9200000173877925e-05     7 
4.650000118999742e-05     10 
5.329999839887023e-05     12 
5.909999890718609e-05     15 
7.140000161598437e-05     20 
9.359999967273325e-05     30 
0.00011780000204453245     40 
0.0002303000001120381     50 
0.00027039999986300245     70 
0.0003311000000394415     100 
0.0004571999998006504     150 
0.000662200000078883     200 
0.0010925999995379243     300 
0.0018984999987878837     500 
0.007492699998692842     750 
0.007206500002212124     1000 
0.012040499997965526     1800 
0.022204299999430077     2500 
0.06535019999864744     4000 
